3 0.454034 0.747396 0.208995 0.121776
3 0.661541 0.749132 0.227183 0.129712
3 0.854663 0.745660 0.246362 0.120784
3 0.257110 0.748512 0.229828 0.130952
3 0.094577 0.749008 0.188492 0.116071
2 0.931878 0.645957 0.136243 0.088046
3 0.961971 0.516245 0.076058 0.056300
3 0.941634 0.471230 0.116733 0.047123
3 0.924272 0.433160 0.151455 0.038442
3 0.886739 0.401290 0.134590 0.031250
3 0.855324 0.369420 0.120701 0.030010
3 0.833664 0.348338 0.108466 0.026042
3 0.815972 0.328869 0.102844 0.021329
3 0.794643 0.310392 0.087302 0.017113
3 0.776124 0.295263 0.082011 0.020089
3 0.758102 0.275174 0.089616 0.021081
3 0.738426 0.260169 0.064815 0.018353
