3 0.539683 0.780010 0.198413 0.119544
3 0.566799 0.918527 0.268519 0.157490
3 0.522983 0.680680 0.184854 0.090526
3 0.523148 0.606275 0.134259 0.064236
2 0.665013 0.550223 0.138228 0.059772
2 0.534722 0.547247 0.142196 0.053819
2 0.396495 0.544395 0.130291 0.054067
2 0.751653 0.499876 0.136243 0.040923
2 0.875165 0.501240 0.145833 0.046627
2 0.952712 0.501364 0.094577 0.040923
2 0.279927 0.507068 0.110780 0.040923
2 0.174769 0.503472 0.118717 0.048115
2 0.060020 0.502728 0.110780 0.043651
2 0.395503 0.500620 0.132275 0.039435
2 0.522156 0.511533 0.124339 0.052331
2 0.633929 0.507937 0.095238 0.045139
