3 0.365575 0.384673 0.149802 0.078869
3 0.376157 0.318204 0.120701 0.071429
3 0.421792 0.288318 0.180886 0.058284
3 0.535714 0.263517 0.163360 0.078621
3 0.625165 0.236483 0.151786 0.083085
3 0.713790 0.208085 0.153770 0.078869
3 0.799272 0.188492 0.118386 0.074405
3 0.878142 0.160714 0.124669 0.071429
3 0.939980 0.147445 0.120040 0.062748
2 0.483300 0.467758 0.143849 0.081845
2 0.623181 0.565476 0.151786 0.105159
2 0.473380 0.560392 0.151786 0.106399
2 0.340278 0.464038 0.157407 0.097718
2 0.314980 0.553199 0.180886 0.112351
2 0.199239 0.460441 0.155754 0.096478
2 0.158234 0.553075 0.186839 0.091766
2 0.039517 0.550223 0.078373 0.109375
