3 0.520668 0.445685 0.201389 0.082341
3 0.601852 0.516245 0.258598 0.135169
3 0.721396 0.625000 0.301918 0.186012
3 0.854332 0.762525 0.291336 0.249256
2 0.093750 0.363467 0.141204 0.089038
2 0.222388 0.329737 0.178902 0.109375
2 0.286210 0.401290 0.210648 0.115079
2 0.592923 0.330729 0.204365 0.113839
2 0.452381 0.364583 0.193783 0.120536
2 0.366733 0.303695 0.187831 0.100446
2 0.509425 0.277282 0.194114 0.083333
2 0.592262 0.247272 0.175926 0.082341
2 0.693618 0.229291 0.138558 0.080109
2 0.772652 0.212922 0.151786 0.083581
2 0.859788 0.200521 0.160714 0.067708
2 0.918320 0.182540 0.133598 0.067460
2 0.943783 0.177455 0.112434 0.077629
