3 0.500661 0.657614 0.259259 0.158482
3 0.725694 0.649306 0.249669 0.161210
3 0.907903 0.652778 0.184193 0.162698
3 0.252646 0.663814 0.248016 0.162450
3 0.081019 0.670759 0.161376 0.156994
2 0.903770 0.110367 0.153439 0.049603
2 0.973380 0.112847 0.053241 0.043155
2 0.781746 0.115079 0.147487 0.048115
2 0.660549 0.115203 0.138558 0.047867
2 0.535549 0.116815 0.129299 0.045139
2 0.407077 0.120040 0.126323 0.045139
2 0.284392 0.119916 0.139550 0.044891
2 0.158730 0.122272 0.139550 0.045139
2 0.051257 0.122148 0.101852 0.048363
