3 0.624669 0.887153 0.291667 0.198413
3 0.594577 0.719742 0.246693 0.123016
3 0.566799 0.604291 0.199735 0.101438
3 0.554067 0.515625 0.162368 0.086806
3 0.540013 0.446181 0.151455 0.062500
3 0.529101 0.392113 0.134921 0.051091
3 0.292328 0.306300 0.121032 0.034722
3 0.180225 0.307416 0.128307 0.038442
3 0.069775 0.306176 0.138228 0.041419
3 0.499669 0.246156 0.095238 0.027034
3 0.499669 0.224702 0.096561 0.025298
3 0.493552 0.202133 0.083003 0.019841
3 0.490079 0.184152 0.079365 0.018601
3 0.488426 0.167287 0.077381 0.020089
3 0.483466 0.152158 0.072751 0.017609
3 0.481316 0.137773 0.065146 0.016121
3 0.479993 0.124752 0.069775 0.014881
2 0.508598 0.274430 0.109788 0.032490
2 0.513889 0.308532 0.113095 0.035218
2 0.520833 0.346726 0.121693 0.042659
2 0.400794 0.344618 0.123677 0.043899
2 0.401620 0.308036 0.114749 0.033234
2 0.405093 0.275174 0.106481 0.032490
3 0.475529 0.114459 0.057540 0.013641
