3 0.575893 0.933904 0.284722 0.132192
3 0.558532 0.784474 0.253307 0.155754
3 0.558532 0.658234 0.212963 0.099206
3 0.550265 0.561136 0.181878 0.094990
3 0.546627 0.484747 0.148810 0.082589
2 0.972718 0.368552 0.054563 0.043155
2 0.903604 0.370908 0.146495 0.044891
2 0.775132 0.373264 0.135582 0.043651
2 0.676257 0.424107 0.154101 0.050595
2 0.659888 0.374876 0.135251 0.045387
2 0.536210 0.378224 0.125331 0.044147
2 0.540675 0.425843 0.134921 0.051587
2 0.404762 0.429067 0.139550 0.049603
2 0.412202 0.380084 0.124669 0.043403
2 0.296627 0.382440 0.133598 0.046627
2 0.171131 0.386285 0.145172 0.046875
2 0.068122 0.386409 0.135582 0.043651
