3 0.707672 0.813368 0.283069 0.155010
3 0.763889 0.944072 0.309524 0.111855
3 0.661045 0.679688 0.232804 0.114335
3 0.620370 0.579985 0.193122 0.089534
3 0.592262 0.501736 0.164021 0.074405
3 0.569775 0.438492 0.148148 0.061508
3 0.549107 0.387897 0.127315 0.050099
3 0.535714 0.348586 0.128307 0.043899
3 0.522321 0.310764 0.108135 0.038690
3 0.513228 0.279018 0.098545 0.038194
3 0.505126 0.258681 0.091601 0.029762
3 0.494709 0.232515 0.080688 0.026042
2 0.577712 0.224454 0.060847 0.027778
2 0.616567 0.207837 0.056548 0.024802
2 0.668651 0.211434 0.064815 0.023065
2 0.719246 0.215650 0.043651 0.020585
2 0.757110 0.218130 0.044643 0.021577
2 0.802083 0.222718 0.055886 0.019841
2 0.838459 0.225322 0.076389 0.026538
2 0.897983 0.230655 0.059854 0.021825
2 0.938327 0.232763 0.049934 0.023562
2 0.980489 0.236731 0.039021 0.021577
2 0.569444 0.204613 0.054233 0.024306
2 0.541832 0.201389 0.053241 0.024802
2 0.485615 0.205605 0.089616 0.045139
2 0.410053 0.199033 0.079365 0.042411
2 0.331019 0.182912 0.078704 0.024554
2 0.262897 0.176835 0.060185 0.025298
2 0.208003 0.171999 0.055556 0.023562
2 0.156746 0.168651 0.064153 0.026786
2 0.098214 0.162574 0.072090 0.022569
2 0.033234 0.157614 0.062500 0.025050
