3 0.083333 0.466642 0.153439 0.085565
3 0.213459 0.442336 0.184854 0.071181
3 0.343254 0.414807 0.171296 0.067708
3 0.457672 0.393229 0.153439 0.072173
3 0.549272 0.377604 0.108466 0.051835
2 0.731316 0.414187 0.129299 0.064484
2 0.798776 0.454737 0.144511 0.075645
2 0.864253 0.485863 0.124669 0.069940
2 0.919808 0.515005 0.139881 0.081101
2 0.379464 0.238343 0.105489 0.041667
2 0.426753 0.262029 0.094907 0.043899
2 0.474868 0.286830 0.091931 0.055308
2 0.516865 0.306548 0.076720 0.056548
2 0.577216 0.326761 0.079696 0.067708
2 0.637235 0.372520 0.121693 0.070933
