2 0.284392 0.699405 0.180556 0.127976
2 0.448909 0.709201 0.168320 0.127232
2 0.619709 0.717014 0.179233 0.124008
2 0.791336 0.727307 0.177910 0.130208
2 0.926257 0.738095 0.147487 0.126984
2 0.096892 0.685392 0.185847 0.127232
2 0.912533 0.629588 0.174934 0.108383
3 0.946263 0.403398 0.107474 0.067212
3 0.931217 0.346974 0.129630 0.051587
3 0.901455 0.299975 0.114418 0.044395
3 0.889716 0.259673 0.124008 0.040179
3 0.867725 0.219370 0.101852 0.033978
3 0.851190 0.190476 0.099206 0.038194
3 0.834821 0.152158 0.088294 0.028026
3 0.827216 0.125248 0.086971 0.023810
3 0.817460 0.109251 0.081349 0.031002
3 0.807209 0.085069 0.068783 0.027778
3 0.798942 0.063368 0.077381 0.028026
3 0.781746 0.036954 0.064815 0.028770
3 0.953208 0.462178 0.093585 0.069196
3 0.969081 0.537202 0.061839 0.086806
