1 0.41122656249999995 0.3505341887019231 0.115890625 0.17602564182692307
1 0.11736718749999998 0.4425534182692307 0.025265625 0.12014957211538463
1 0.1412578125 0.43931623918269236 0.025015625000000003 0.10388888701923073
1 0.9322812499999998 0.38107906009615383 0.026749999999999965 0.051816240384615374
1 0.17188281249999998 0.37894230769230763 0.021828125 0.03715812019230767
1 0.227890625 0.36069444471153844 0.015187499999999994 0.04638888942307691
1 0.2449375 0.386025640625 0.03062499999999999 0.037991454326923045
1 0.326625 0.3580982908653846 0.02115624999999997 0.040897437500000036
1 0.349109375 0.360491453125 0.01387499999999998 0.03393162259615385
1 0.3099921875 0.3389423076923077 0.02085937500000002 0.025448716346153796
1 0.047453125 0.39804487259615384 0.02378125 0.054465812500000016
1 0.2085078125 0.40639957331730775 0.023921875000000023 0.03583333413461538
1 0.5686015625 0.3491666670673077 0.02170312500000002 0.037948718749999985
1 0.4987980769230769 0.3629807692307692 0.9975961538461539 0.1778846153846154
