1 0.6505764699519231 0.8548828125000001 0.14929411778846158 0.16885937499999998
1 0.844811765625 0.6741171875 0.042894117788461535 0.10023437499999997
1 0.7965647067307693 0.6361171875 0.017788235576923047 0.03851562500000009
1 0.7752588233173078 0.6264375 0.026141175480769236 0.03725000000000002
1 0.5245176466346154 0.8618046875 0.12183529326923076 0.1865156249999999
1 0.7210705877403846 0.6214765625 0.009341175480769173 0.012671875000000008
1 0.7318352944711537 0.6461874999999999 0.016752939903846152 0.0364374999999999
1 0.12376470552884614 0.6579375 0.06028235336538461 0.03928125000000002
1 0.17203529447115384 0.668234375 0.048352939903846155 0.03971875000000006
1 0.8700941165865383 0.6594609375 0.023105882211538507 0.062140625000000026
1 0.9192352932692308 0.6370546875000002 0.020776471153846152 0.033453124999999966
1 0.8834588233173076 0.72315625 0.08847058894230769 0.05337500000000002
1 0.0721411766826923 0.6398593749999999 0.05477646875 0.10390624999999999
1 0.5336538461538461 0.6730769230769231 0.8894230769230769 0.19951923076923078
