1 0.913546875 0.5021842103365385 0.17290624999999993 0.4164736850961539
1 0.37750000000000006 0.21515789423076923 0.03581249999999999 0.18268421153846154
1 0.41842968750000004 0.20906578966346154 0.035421875000000005 0.15844736778846155
1 0.48550000000000004 0.24585526322115386 0.05762500000000002 0.12255263221153848
1 0.45706250000000004 0.25175000000000003 0.03168750000000004 0.10113157692307692
1 0.339890625 0.20381578966346153 0.04903124999999998 0.1605263149038461
1 0.4416171875 0.20988157812499997 0.014828124999999987 0.0701315793269231
1 0.6543515624999999 0.24839473677884616 0.040859375 0.12031579086538463
1 0.80659375 0.5374736838942307 0.12415625 0.4832105264423076
1 0.2870859375 0.15885526322115384 0.03195312500000001 0.10376315625000002
