1 0.26434375 0.7995100228365384 0.31562499999999993 0.40097995432692307
1 0.5424765625 0.8333296213942307 0.19407812500000002 0.3106681514423076
1 0.701953125 0.8408129170673077 0.16828125 0.3183741658653846
1 0.852453125 0.8117483293269232 0.109375 0.3765033413461538
1 0.94975 0.8049331850961539 0.07937499999999996 0.3313808461538462
1 0.10557812500000001 0.833652561298077 0.09834375000000001 0.3326948774038462
1 0.7568124999999999 0.8342316262019231 0.11596874999999998 0.3169265024038462
1 0.47448437499999996 0.7779287307692309 0.05387500000000001 0.1983964375
1 0.0464296875 0.8362249447115384 0.058578124999999995 0.32603563461538454
1 0.9280078125 0.6817928725961538 0.013671875 0.05908686057692318
1 0.8859921875000001 0.7822048990384616 0.049171874999999934 0.2506458798076923
1 0.16933593749999998 0.8450890877403847 0.10429687500000001 0.21868596875000001
