1 0.8948125 0.6277571117788461 0.20099999999999996 0.47065645432692305
1 0.956359375 0.5393216634615384 0.08343749999999996 0.3101094086538462
1 0.6554921875 0.550645514423077 0.16507812500000002 0.3482932163461539
1 0.5666640625 0.5827133473557692 0.11095312499999999 0.35225382932692306
1 0.485375 0.5385010949519231 0.1110625 0.28785557932692313
1 0.570015625 0.33237418028846155 0.03034374999999998 0.08041575480769228
1 0.33453125000000006 0.3754814002403846 0.026531250000000013 0.09070021874999999
1 0.3679765625 0.3767833701923077 0.027140625000000022 0.10927789903846155
1 0.20025 0.4831947487980769 0.06490625000000001 0.11794310817307693
1 0.343234375 0.5655579867788462 0.11028124999999998 0.29391684855769235
1 0.4511328125 0.462199125 0.047203124999999964 0.11288840384615387
1 0.6998359375000001 0.3620678341346154 0.04023437500000003 0.09459518749999998
1 0.14624218749999998 0.49664113822115385 0.10385937499999999 0.10741794471153848
1 0.4254807692307692 0.5480769230769231 0.8485576923076923 0.5096153846153846
