1 0.6621323521634616 0.7968709158653845 0.03965686298076922 0.08638888942307701
1 0.5679820264423078 0.7994117644230769 0.03171568749999999 0.07787581730769233
1 0.09881535937500001 0.8152941177884615 0.028022877403846166 0.030457514423077033
1 0.4555473858173077 0.8028758161057692 0.00491830048076927 0.020980391826923094
1 0.6154084975961538 0.7969362740384616 0.018725490384615327 0.08387254807692311
1 0.5185375817307692 0.807042483173077 0.005964052884615365 0.02408496634615381
1 0.3122875817307692 0.6302287584134615 0.23424836538461535 0.7395424831730769
1 0.776454248798077 0.797042484375 0.022516338942307604 0.09758169951923083
1 0.6427369278846153 0.8060130709134616 0.015473855769230728 0.06656862740384611
1 0.7676062091346154 0.8019934639423076 0.027205884615384528 0.07382352884615392
1 0.6300816995192308 0.7984477115384616 0.014967322115384608 0.07313725480769229
1 0.46942810456730766 0.8127450985576924 0.007385622596153838 0.008921567307692268
1 0.46231209134615386 0.8067238569711537 0.0069117644230769154 0.019656862980769237
1 0.6850961538461539 0.7992788461538461 0.23076923076923078 0.09014423076923077
