1 0.4879732307692308 0.4208359375 0.14095602403846155 0.33810937500000005
1 0.3610898665865385 0.42288281250000004 0.15013384375 0.32373437499999996
1 0.22114722716346152 0.3291015625 0.06087954086538462 0.18648437499999998
1 0.16560229447115388 0.3303828125 0.05984703605769232 0.17801562499999998
1 0.11986615625 0.33265625 0.057896750000000004 0.18150000000000002
1 0.5933269591346153 0.272375 0.041070745192307696 0.08646874999999997
1 0.5582791586538461 0.26903125 0.04615678846153845 0.08600000000000002
1 0.7278489483173076 0.2297578125 0.0626959831730769 0.047109374999999995
1 0.09759082211538463 0.24964843750000001 0.028833653846153842 0.053578125
1 0.07539196995192307 0.26315625 0.02738049759615384 0.08062499999999997
1 0.6627246658653845 0.2620859375 0.06349904326923071 0.08189062500000001
