1 0.277703125 0.3865254230769231 0.14937500000000004 0.4584261490384616
1 0.2675546875 0.5382082319711539 0.500296875 0.41123486778846147
1 0.7331953124999999 0.5572639218750001 0.155828125 0.4089104110576923
1 0.8769140624999999 0.6053753028846154 0.24617187500000007 0.48430992788461535
1 0.6075234374999999 0.5822033894230769 0.22673437499999996 0.450460048076923
1 0.9303046875000001 0.5075181598557692 0.13939062499999993 0.3608474591346154
1 0.7563124999999999 0.32829297716346156 0.0985937500000001 0.22375302644230774
1 0.8352421874999999 0.33985472115384613 0.05164062500000004 0.08711864423076919
1 0.6413359375 0.38032687620192307 0.06045312500000003 0.17072639182692306
1 0.9689843749999999 0.39214285697115386 0.06109375000000005 0.1944552043269231
