1 0.6498946129807692 0.9806640625 0.031920374999999925 0.032046875000000016
1 0.6176580805288462 0.970734375 0.02740046875 0.03465624999999994
1 0.5775761117788462 0.979234375 0.035480093749999976 0.041281250000000005
1 0.6091569086538461 0.9853515625 0.038829038461538415 0.027609375000000005
1 0.6049531610576923 0.8097812500000001 0.10470725961538456 0.07450000000000004
1 0.3436885240384615 0.9753203125 0.038665105769230795 0.04935937500000001
1 0.18386416826923077 0.9328046874999999 0.032037471153846135 0.029296875
1 0.3201053858173077 0.9777500000000001 0.03992974278846152 0.0445
1 0.280339578125 0.985 0.06442622836538461 0.030000000000000044
1 0.9602459014423077 0.9826640625 0.03978922596153849 0.03467187499999998
1 0.5368149879807693 0.9883437500000001 0.03798594711538462 0.02331249999999995
1 0.8459718978365385 0.9755078125 0.033208430288461536 0.048421874999999906
1 0.3965222475961539 0.9826484375 0.06494145192307688 0.03470312500000006
1 0.484375 0.9627403846153846 0.9651442307692307 0.07211538461538461
