1 0.6627615060096154 0.5995859375 0.20322175721153843 0.21876562499999996
1 0.920230125 0.5521250000000001 0.15953975 0.13037500000000005
1 0.7693619242788461 0.47575781250000004 0.10541841105769233 0.12589062500000006
1 0.6473849375 0.45952343749999996 0.07832636057692308 0.06960937500000003
1 0.5925836814903847 0.3883359375 0.09763598317307699 0.12326562500000002
1 0.5487970709134615 0.3461015625 0.049644353365384614 0.05532812500000002
1 0.49396443509615384 0.4440234375 0.08918410096153852 0.088203125
1 0.5452196658653846 0.510375 0.12269874519230768 0.15359374999999995
1 0.30665271995192306 0.45621875 0.11397489663461541 0.08143749999999997
1 0.7371548112980769 0.387640625 0.07221757451923075 0.10112499999999996
1 0.9857531382211538 0.4547421875 0.02849372355769229 0.092296875
1 0.41369246875 0.43986718750000003 0.08788702884615383 0.11039062499999996
1 0.869058578125 0.491609375 0.10673640144230763 0.14221875000000003
1 0.4987980769230769 0.6081730769230769 0.9975961538461539 0.5793269230769231
