1 0.7463284519230768 0.40956249999999994 0.0734100432692307 0.13928125
1 0.34174686177884617 0.5244062500000001 0.3060041850961538 0.35184374999999996
1 0.8669560673076924 0.40271875 0.08675732211538463 0.15481249999999996
1 0.9541004182692306 0.33117187499999995 0.01184100480769232 0.01618750000000002
1 0.5974476983173077 0.3231171875 0.007364016826923097 0.01964062500000001
1 0.606537657451923 0.32046874999999997 0.011066944711538454 0.020343750000000053
1 0.9326569038461539 0.3323046875 0.009288701923076941 0.022671875
1 0.40843096274038465 0.32183593750000006 0.010753137019230795 0.019140625000000015
1 0.37249999999999994 0.32339062500000004 0.011987447115384584 0.019406250000000017
1 0.3854288701923077 0.3198671875 0.0080125528846154 0.014578125000000023
1 0.37733263581730764 0.3207421875 0.011401675480769246 0.02254687500000002
