1 0.3728229170673077 0.41116406250000004 0.04610416586538458 0.033578125000000014
1 0.3916875 0.3834765625 0.046624999999999965 0.04757812500000004
1 0.3203229170673077 0.375046875 0.050229165865384603 0.04171874999999998
1 0.3264895829326923 0.40993749999999995 0.047854165865384636 0.033125
1 0.28505208293269235 0.356375 0.05189583413461539 0.043343750000000014
1 0.24070833293269234 0.37192968750000005 0.055791665865384615 0.044671874999999965
1 0.2334375 0.319359375 0.04224999999999998 0.03612500000000001
1 0.29207291586538464 0.4089453125 0.042687500000000024 0.029671875000000014
1 0.2772083329326923 0.39826562499999996 0.03241666586538464 0.03909375000000001
1 0.16851041586538462 0.3930546875 0.0368125 0.03173437500000002
1 0.09175 0.398578125 0.03949999999999999 0.045187500000000005
1 0.05355208413461539 0.38427343750000004 0.0174375 0.01432812499999999
1 0.63684375 0.702515625 0.5258541682692308 0.54228125
1 0.5 0.34615384615384615 0.9963942307692307 0.3954326923076923
