1 0.19971875 0.5168541670673077 0.24100000000000005 0.9303333341346154
1 0.32354687499999996 0.6083229170673077 0.13740624999999998 0.7833541658653846
1 0.6437109375000001 0.2828645841346154 0.025234375000000007 0.04981250000000002
1 0.5721953125 0.5539375 0.18707812499999993 0.8921250000000001
1 0.8268515624999999 0.5078750000000001 0.295609375 0.9572083317307692
1 0.46179687500000005 0.4584270829326923 0.15843749999999998 0.7326041658653846
1 0.6878515625 0.28108333293269233 0.04404687499999992 0.043791665865384605
1 0.0440703125 0.3424791658653846 0.045421874999999994 0.22212500000000002
1 0.9674921875 0.3695416670673077 0.024546875000000003 0.18691666586538463
1 0.025195312499999997 0.2794791670673077 0.020328125 0.10970833413461535
1 0.6507031249999999 0.2912604158653846 0.018687500000000003 0.03493749999999998
1 0.0764453125 0.32979166706730767 0.04485937499999999 0.2312916658653846
1 0.01553125 0.34768750000000004 0.0310625 0.23454166826923073
1 0.5324519230769231 0.2932692307692308 0.3581730769230769 0.21634615384615385
