1 0.6674699999999999 0.22635854326923077 0.07961999999999997 0.08117647115384613
1 0.5021199999999999 0.18673669471153845 0.07844000000000004 0.1394117644230769
1 0.8071599999999999 0.18651260576923076 0.07159999999999997 0.13464986057692305
1 0.7416400000000001 0.2113585432692308 0.09487999999999999 0.12753501442307694
1 0.92546 0.23025210096153848 0.08467999999999999 0.10969187500000001
1 0.26789999999999997 0.1792717091346154 0.11116 0.1279551826923077
1 0.58948 0.22750700240384614 0.05580000000000004 0.07103641346153845
1 0.88676 0.18644257692307692 0.059320000000000005 0.14448179326923077
1 0.30004000000000003 0.5153641454326924 0.5038 0.6314565841346155
1 0.43163000000000007 0.1640896358173077 0.06773999999999997 0.09551820913461538
1 0.58479 0.16543417427884616 0.03326000000000002 0.0394397764423077
1 0.84086 0.23987394951923077 0.08579999999999995 0.0785714278846154
1 0.34673999999999994 0.16659663822115386 0.09711999999999997 0.15756302644230769
1 0.5 0.14903846153846154 0.9963942307692307 0.296875
