1 0.5177265624999999 0.8947075216346154 0.043765625000000016 0.19175487500000005
1 0.5883281250000001 0.8993871862980769 0.02365624999999995 0.1451810600961539
1 0.636390625 0.8757103064903847 0.029531249999999922 0.1908078004807693
1 0.7286640624999999 0.8696378822115385 0.02629687500000002 0.18997214423076925
1 0.6050859375 0.8820752091346153 0.03070312499999995 0.17128133653846142
1 0.5517578125 0.884540390625 0.03192187499999996 0.18228412259615384
1 0.03734375 0.8719080781249999 0.04959375 0.19423398317307689
1 0.4912187499999999 0.8840947079326923 0.025781249999999985 0.23181058413461536
1 0.17290625 0.8294428978365385 0.014093749999999999 0.06813370432692303
1 0.2024609375 0.8292479110576922 0.019328124999999988 0.06178273076923077
