1 0.8066250000000001 0.4887704915865385 0.19190625000000006 0.46067915625
1 0.8064921875000001 0.14247072596153845 0.05417187500000003 0.14377049038461537
1 0.32919531249999995 0.14032786778846154 0.047640625 0.12843091346153848
1 0.2246328125 0.42862997596153846 0.21045312499999996 0.44072599519230776
1 0.28046875 0.13670960216346154 0.043968749999999994 0.12920374759615386
1 0.7479453125000001 0.13161592548076922 0.06601562500000008 0.1274941442307692
1 0.061328125 0.1216861826923077 0.0276875 0.0490398125
1 0.7048906250000001 0.1844730685096154 0.03624999999999996 0.13971896874999998
1 0.24485937500000002 0.1514871201923077 0.07490624999999997 0.15552693269230772
1 0.1543203125 0.1784074939903846 0.063296875 0.12440281009615384
1 0.042320312500000005 0.1036651045673077 0.016515625000000003 0.05065573798076923
1 0.6718671875000001 0.15138173317307693 0.041703125 0.06833723557692309
