1 0.2572578125 0.5119086646634615 0.24448437500000003 0.40199063221153847
1 0.263359375 0.3731147536057693 0.10140625 0.20515222355769233
1 0.625203125 0.44269320913461535 0.08096874999999998 0.41348946153846156
1 0.8740859375000001 0.3719086646634615 0.10795312500000001 0.2809133485576923
1 0.8443359374999999 0.6190515216346154 0.15957812500000002 0.43266978846153853
1 0.8033984375000001 0.3875761129807692 0.068515625 0.2631147548076923
1 0.035171875000000005 0.39063231850961533 0.07034375000000001 0.2852927379807692
1 0.13025781250000001 0.47923887620192307 0.07514062500000002 0.39187353605769226
1 0.7652578125 0.3913583137019231 0.06248437499999996 0.2548477764423077
1 0.5418671875 0.456779859375 0.08495312499999998 0.3953864158653847
