1 0.21085156249999998 0.5208899302884615 0.23795312499999996 0.7449180336538462
1 0.3939296875 0.2283489459134615 0.09785937499999998 0.17519906490384612
1 0.6597421875000001 0.2463700240384616 0.08614062499999998 0.16430913461538463
1 0.78103125 0.3036299771634615 0.12015625000000003 0.1718969543269231
1 0.5794453125 0.11252927403846155 0.09560937499999997 0.19508196634615385
1 0.8828671874999999 0.32795081971153844 0.08507812499999996 0.1275175625
1 0.6659765624999999 0.12243559735576923 0.084828125 0.19269320913461538
1 0.8501015625 0.2426932091346154 0.10495312500000004 0.22023419230769234
1 0.4891875 0.17676815024038461 0.09737500000000002 0.34028103125000003
1 0.9404218750000001 0.2797189699519231 0.08803125000000009 0.22201405048076922
1 0.6811875000000001 0.3296252932692308 0.0873125 0.11110070192307694
1 0.7568125 0.12765807932692308 0.10987499999999993 0.2348946153846154
1 0.874859375 0.12975409855769232 0.13565624999999998 0.23398126442307693
1 0.6730769230769231 0.20552884615384615 0.6502403846153846 0.4074519230769231
