1 0.4525859375 0.8405208329326924 0.132546875 0.24354166586538462
1 0.6435468750000001 0.6537604170673077 0.1481250000000001 0.20222916586538467
1 0.8851328125 0.7567604158653847 0.141890625 0.32431250000000006
1 0.9163828125 0.8738645829326923 0.16723437500000002 0.22747916586538458
1 0.758640625 0.8801979170673077 0.11709375000000002 0.2387291658653846
1 0.6542578124999999 0.9301041670673077 0.13498437499999996 0.13979166586538455
1 0.670453125 0.5354166670673077 0.16721874999999997 0.14670833413461543
1 0.2021796875 0.7185520841346154 0.18889062499999998 0.5359375000000001
1 0.9363124999999999 0.6924479158653847 0.12471874999999996 0.25618749999999996
1 0.624453125 0.5213958329326923 0.1097812500000001 0.11541666586538459
