1 0.4393203125 0.6198711947115385 0.114921875 0.10058548076923082
1 0.20518750000000002 0.5147306790865385 0.0689375 0.24796253124999992
1 0.5286328124999999 0.6125644038461538 0.165671875 0.5733723653846153
1 0.2717734375 0.579941451923077 0.06782812499999999 0.12128805769230773
1 0.964671875 0.4827283377403846 0.03128124999999994 0.2446604206730769
1 0.10837500000000001 0.4623185012019231 0.055875 0.22370023317307688
1 0.4183671875 0.5278454338942308 0.03520312499999999 0.08646369951923075
1 0.2390625 0.4445081959134616 0.028843749999999987 0.09163934375000003
1 0.9441249999999999 0.48074941466346155 0.03237500000000004 0.24749414663461536
1 0.865015625 0.5400351298076923 0.10584375000000001 0.04892271634615381
1 0.36353125 0.5606323185096154 0.09415625000000002 0.18262294951923078
1 0.2464609375 0.6442271658653846 0.09257812500000001 0.05266978846153851
1 0.17408593749999998 0.606978921875 0.132765625 0.16548009375
1 0.8822115384615384 0.4675480769230769 0.23076923076923078 0.22716346153846154
