1 0.2107604170673077 0.1603125 0.14052083413461539 0.20853125
1 0.5411145841346153 0.19394531250000002 0.16143749999999996 0.127796875
1 0.0416666670673077 0.067140625 0.018208334134615388 0.0368125
1 0.3116458341346154 0.139046875 0.11099999999999997 0.25553125
1 0.4228125 0.159171875 0.15920833173076926 0.20525
1 0.8426562499999999 0.11610156249999999 0.07414583173076927 0.105890625
1 0.13176041586538462 0.461625 0.23306249999999998 0.5236249999999999
1 0.63359375 0.155234375 0.1328125 0.21640625000000002
1 0.54953125 0.042726562499999995 0.019812499999999976 0.033671875
1 0.8936562499999999 0.10915625 0.13327083173076928 0.16334375
1 0.6632083329326922 0.4391171875 0.45595833413461534 0.722796875
