1 0.53299 0.6022933329326923 0.045860000000000026 0.15749333413461536
1 0.6113999999999999 0.5793466670673076 0.03447999999999995 0.13229333413461533
1 0.63467 0.5428 0.024340000000000063 0.10085333173076928
1 0.7068300000000001 0.49892000000000003 0.02126000000000011 0.05431999999999997
1 0.5884900000000001 0.5691733341346153 0.027580000000000042 0.11616000000000003
1 0.6508 0.4822 0.00955999999999991 0.041626668269230734
1 0.69588 0.5049866670673077 0.009399999999999955 0.04650666586538458
1 0.7599300000000001 0.49286666586538463 0.02306000000000001 0.05895999999999997
1 0.6893199999999999 0.5312133329326924 0.024479999999999953 0.0770933341346154
1 0.86134 0.49448 0.03740000000000002 0.04298666826923076
