1 0.495765625 0.6831733016826923 0.38315625 0.5359953149038461
1 0.797921875 0.5619320841346154 0.12921875 0.5990866490384614
1 0.9241953125 0.6381850108173077 0.15160937500000002 0.7228337235576924
1 0.7626328125000001 0.43084309134615384 0.06864062500000004 0.34754098557692303
1 0.2728984375 0.3184543317307692 0.07198437500000002 0.2073536298076923
1 0.18690625 0.3724121790865385 0.05612500000000003 0.2612646370192308
1 0.07471875 0.3657377043269231 0.054281249999999996 0.10154566826923077
1 0.0104296875 0.25242388822115386 0.020859375 0.08934426201923078
1 0.2773671875 0.6561826694711539 0.182921875 0.5752693197115385
1 0.89596875 0.5629039807692308 0.10168750000000006 0.6318969567307692
