1 0.5890749411057692 0.602984375 0.3518735360576923 0.65340625
1 0.15256440264423077 0.378765625 0.11608899278846155 0.14262499999999997
1 0.7401756442307692 0.4250625 0.08606557211538456 0.07421875
1 0.8469320841346154 0.41939843749999994 0.11021077403846159 0.089078125
1 0.35108899278846156 0.3909609375 0.12016393269230773 0.081953125
1 0.26055035096153845 0.4344296875 0.0806323173076923 0.040109374999999975
1 0.675058548076923 0.31670312500000003 0.0746604230769231 0.06984375000000001
1 0.9289695552884615 0.34629687500000006 0.06988290384615393 0.05709375000000001
1 0.7166042151442308 0.3541953125 0.11213114663461546 0.07814062499999998
1 0.5960538641826924 0.342640625 0.08690866586538465 0.087375
1 0.9248477752403846 0.37648437500000004 0.1503044495192308 0.10684375
1 0.2535011706730769 0.40421875 0.09398126442307692 0.0764375
1 0.35240046875 0.43410156250000004 0.0869086634615385 0.044578124999999996
1 0.7247596153846154 0.15745192307692307 0.34375 0.05889423076923077
