1 0.2939609375 0.5230263161057692 0.236296875 0.7402631562499999
1 0.9395546874999999 0.1907894735576923 0.050484375000000054 0.17006578846153844
1 0.8526562500000001 0.6817105264423078 0.27315624999999993 0.6026973701923077
1 0.9228984375 0.4126315793269231 0.09014062500000009 0.18368421153846154
1 0.5920078124999999 0.4567269747596153 0.07692187499999996 0.46108552644230766
1 0.894953125 0.2228125 0.06262500000000006 0.15088815865384617
1 0.2249140625 0.5133881574519231 0.046640625000000005 0.13631579086538462
1 0.09501562499999999 0.49978618389423074 0.060218749999999995 0.1885197379807692
1 0.6212421875 0.6875657896634616 0.274828125 0.5445394735576923
1 0.7174140625000001 0.19990131610576922 0.06689062500000002 0.15664473798076922
1 0.3890703125 0.4146052632211539 0.065109375 0.42019736778846156
1 0.060117187499999995 0.11430921033653847 0.06067187500000001 0.15421052644230768
1 0.184359375 0.49527960576923075 0.06303125000000001 0.15851973557692306
1 0.5300480769230769 0.35336538461538464 0.9362980769230769 0.7067307692307693
