1 0.6783828125 0.5005466237980769 0.07123437500000006 0.443922829326923
1 0.6346484374999999 0.5352250805288462 0.06554687499999996 0.45237942067307696
1 0.5921875000000001 0.4596784567307693 0.04446874999999999 0.2966559471153846
1 0.5012265625 0.6269774927884615 0.11139062499999995 0.6831511250000001
1 0.3864296875 0.6391318329326924 0.11470312499999999 0.697620579326923
1 0.422953125 0.544742765625 0.06137499999999996 0.5501286177884614
1 0.31296874999999996 0.5523151117788461 0.08081249999999998 0.6067524110576923
1 0.23332031250000002 0.5771061093750001 0.09467187499999999 0.4889389062500001
1 0.1726953125 0.5739871382211539 0.101328125 0.6547266899038461
1 0.07534375 0.5391479098557692 0.07425 0.5393247572115385
1 0.5573359375 0.5234565913461539 0.07489062500000003 0.5349517692307693
1 0.24948437500000004 0.3877331189903846 0.036593749999999994 0.13205787740384617
