1 0.7427734374999999 0.30892708293269233 0.04514062500000002 0.09410416586538463
1 0.6924609375 0.30968749999999995 0.1207343749999999 0.09412499999999999
1 0.4524375 0.48375 0.02331249999999995 0.039583331730769236
1 0.43875781249999996 0.48339583293269234 0.022640624999999987 0.041583334134615374
1 0.413875 0.480125 0.018249999999999964 0.02212500000000002
1 0.40215625 0.47491666706730773 0.014156250000000025 0.014708334134615355
1 0.4916328125 0.4845625 0.029109375000000062 0.040749999999999995
1 0.33909374999999997 0.4921875 0.014812500000000015 0.03591666826923073
1 0.3038046875 0.4049479158653846 0.01476562500000003 0.04706250000000001
1 0.3843125 0.4794166670673077 0.019062500000000017 0.024041665865384587
1 0.357234375 0.4868020841346154 0.024593749999999987 0.04043750000000001
1 0.517359375 0.4847604170673077 0.025343750000000016 0.04422916586538465
1 0.4290625 0.4747291658653846 0.010499999999999989 0.017000000000000008
1 0.5384615384615384 0.4182692307692308 0.9026442307692307 0.14783653846153846
