1 0.10408450721153846 0.7632109375 0.07042253365384615 0.08914062499999996
1 0.42552816947115385 0.7262187499999999 0.0757981225961539 0.16275
1 0.5032276995192307 0.7068203124999999 0.07213614903846152 0.04570312499999997
1 0.7285445997596154 0.7680390625 0.04718309855769234 0.08335937500000003
1 0.9788849759615383 0.745203125 0.042230048076923085 0.12803124999999993
1 0.22036384975961537 0.744234375 0.07044600721153846 0.12912500000000002
1 0.7938732391826924 0.747296875 0.06281690144230764 0.125
1 0.8567840384615384 0.7482109374999999 0.07291079807692309 0.123890625
1 0.18384976562500002 0.759078125 0.07169014182692307 0.09590625000000011
1 0.03440140865384615 0.7455 0.0688028173076923 0.12143749999999993
1 0.3467136153846154 0.7514921875000001 0.07051643269230769 0.11526562499999994
1 0.5808802812499999 0.7451796874999999 0.08359154807692305 0.12520312499999997
