1 0.48792187499999995 0.5876354170673077 0.44999999999999996 0.6763958341346152
1 0.9209765625 0.3145104158653846 0.158046875 0.24043749999999997
1 0.067234375 0.29646874999999995 0.13446875 0.38889583173076925
1 0.7124921875 0.2906770829326923 0.11229687500000005 0.3250208341346154
1 0.561953125 0.32356250000000003 0.10040625000000002 0.23016666826923074
1 0.3754765625 0.2960104158653846 0.11529687500000002 0.3186875
1 0.0766875 0.72515625 0.153375 0.1393125
1 0.2280390625 0.29729166586538464 0.14526562499999998 0.376125
1 0.805390625 0.33232291706730765 0.13703125 0.22052083413461537
1 0.01575 0.39103125000000005 0.0266875 0.19568750000000004
