1 0.4685263161057692 0.67556 0.29710526201923076 0.56824
1 0.47322368389423075 0.30489 0.023394737980769246 0.07678000000000001
1 0.5186052632211539 0.30307 0.020368420673076863 0.07205999999999999
1 0.5005394735576923 0.31003 0.02297368269230769 0.053219999999999976
1 0.34730263100961534 0.307 0.03402631490384614 0.07364000000000001
1 0.5776842103365385 0.30233 0.030526314903846094 0.040899999999999985
1 0.31918421153846155 0.30246 0.030578947115384628 0.07680000000000001
1 0.5431578942307692 0.30286 0.03484210576923076 0.03616000000000002
1 0.2767105264423077 0.30352999999999997 0.041473682692307716 0.07830000000000001
1 0.5610657884615384 0.30097 0.015921052884615358 0.03766000000000001
