1 0.7808958329326923 0.924828125 0.07854166586538451 0.14728125
1 0.34163541586538465 0.8622109375 0.026562499999999958 0.029765624999999983
1 0.3680729170673077 0.8738828125 0.02410416586538461 0.05460937500000007
1 0.8449479170673077 0.914609375 0.08389583413461538 0.14381249999999993
1 0.9282916658653847 0.8824609375 0.029499999999999978 0.06435937500000002
1 0.10658333293269232 0.8810390625 0.02470833413461538 0.03510937500000001
1 0.354625 0.8902734375 0.016041668269230796 0.05460937499999993
1 0.296875 0.88925 0.03258333173076922 0.0636249999999999
1 0.4515416658653846 0.8723671875000001 0.018999999999999993 0.056484375
1 0.6280625 0.873265625 0.021875000000000054 0.05256249999999996
1 0.470625 0.8726406250000001 0.01629166826923076 0.058906249999999986
1 0.3195104170673077 0.8719296875 0.024729165865384626 0.06264062500000009
