1 0.10974218749999999 0.6989659362980769 0.03539062500000001 0.23588807932692304
1 0.05890625 0.68781021875 0.07365624999999999 0.24243309134615387
1 0.023093750000000003 0.6674087596153846 0.040406250000000005 0.2067396586538461
1 0.13384375 0.6561678834134616 0.03065625 0.17360097355769225
1 0.17234375000000002 0.6824574206730769 0.05212500000000001 0.2374209230769231
1 0.18760156249999999 0.5987226286057693 0.027859375000000002 0.08245742067307694
1 0.773109375 0.5603041370192308 0.10143749999999994 0.0957907548076923
1 0.09899218750000001 0.5986618004807692 0.013703124999999995 0.03114355288461536
1 0.038570312499999995 0.6233819951923076 0.017453125 0.08165449999999996
1 0.09134375 0.6735158149038463 0.014093749999999999 0.17618004807692314
1 0.080203125 0.6395012163461539 0.018781250000000006 0.1500973221153846
