1 0.6685546874999999 0.8118790853365384 0.064453125 0.1803594783653846
1 0.869765625 0.8341503269230769 0.03565624999999993 0.22901960576923075
1 0.23055468750000002 0.7849836598557692 0.042984375000000005 0.1213398677884616
1 0.21037499999999998 0.7868137259615385 0.018812500000000017 0.11722222115384608
1 0.5541171874999999 0.8056535949519231 0.05989062500000001 0.1758169927884616
1 0.33616406249999997 0.7826960793269231 0.028109375 0.08382352884615384
1 0.9729531250000001 0.8415032680288461 0.03406250000000004 0.23169934855769234
1 0.7949843750000001 0.7727614374999999 0.02778125000000004 0.06722222115384618
1 0.7330390625000001 0.7984803918269231 0.053140624999999955 0.12062091346153855
1 0.634890625 0.7745424843750001 0.02118750000000005 0.07385620913461548
1 0.6030546875 0.7826797379807693 0.044015625000000044 0.10457516346153845
1 0.5953671875000001 0.7608823521634615 0.012484375 0.04241830048076919
1 0.4562890625 0.7949673197115386 0.05451562499999996 0.16032679807692304
1 0.4639423076923077 0.7992788461538461 0.9278846153846154 0.2127403846153846
