1 0.4353046875 0.5142056069711539 0.5447343750000001 0.9715887860576923
1 0.7581796875 0.6374415889423077 0.2130156249999999 0.41651869230769234
1 0.625171875 0.40862149519230767 0.16831249999999992 0.5707943942307693
1 0.5590468749999999 0.0876401875 0.0300625 0.12135513942307694
1 0.9313046875000001 0.5112383173076923 0.13739062499999996 0.793271028846154
1 0.3929296875 0.12946261658653846 0.07767187499999999 0.1632710264423077
1 0.37118749999999995 0.10781542067307691 0.04818750000000005 0.19427570192307692
1 0.0390703125 0.38876168269230765 0.075140625 0.5932710288461538
1 0.1442734375 0.3460630841346154 0.19535937500000003 0.4853971971153846
1 0.529671875 0.4611331778846154 0.09287499999999999 0.3090887836538462
