1 0.5073203125 0.5765845072115384 0.09898437499999996 0.17650234615384613
1 0.47271875 0.5593075108173077 0.05459374999999996 0.16673708894230763
1 0.5564296875 0.4993192487980769 0.07179687500000001 0.29887323798076915
1 0.6057578125 0.4756455396634615 0.04107812499999996 0.1858450697115384
1 0.6428203125 0.48877934254807687 0.03773437499999998 0.18450704086538455
1 0.3893515625 0.2328169014423077 0.057828125 0.08253521153846154
1 0.764 0.6050234747596155 0.09606249999999997 0.1664319254807693
1 0.43078125 0.5606690144230769 0.05384375 0.17302816826923076
1 0.4867265625 0.42138497716346157 0.04817187500000001 0.13624413221153847
1 0.3751328125 0.3970305168269231 0.057640624999999994 0.13847417788461536
1 0.4426875 0.40619718389423076 0.041375000000000044 0.11666666586538461
1 0.31404687500000006 0.42707746514423073 0.04200000000000002 0.22110328605769228
1 0.688328125 0.5396244134615384 0.06125000000000004 0.3006103269230769
1 0.5192307692307693 0.47115384615384615 0.4723557692307692 0.4579326923076923
