1 0.42017968750000007 0.5753854158653846 0.11785937500000003 0.4299375
1 0.5101796875000001 0.5422708329326924 0.051015624999999995 0.25879166586538466
1 0.5695546875 0.53753125 0.08001562499999998 0.29377083173076923
1 0.6610078125 0.5374687499999999 0.061515624999999914 0.29618750000000005
1 0.752171875 0.5588541670673077 0.10490624999999991 0.3836666658653846
1 0.88428125 0.5180416670673077 0.08868750000000002 0.3387916658653846
1 0.9323046875000001 0.6932604170673078 0.135390625 0.5865208341346154
1 0.35719531250000003 0.5197395841346153 0.059015625 0.26193749999999993
1 0.23497656249999999 0.49976041706730767 0.06167187500000001 0.18435416586538464
1 0.48391406249999996 0.5006875 0.047265624999999985 0.253375
1 0.828796875 0.5505312499999999 0.06728124999999995 0.3639791682692307
1 0.1877109375 0.4820416670673077 0.05129687499999997 0.2039166658653846
1 0.6951796875 0.516625 0.0468593750000001 0.26541666826923077
1 0.5 0.578125 0.9963942307692307 0.8401442307692307
