1 0.347125 0.3902582163461539 0.009250000000000033 0.028732394230769225
1 0.8339999999999999 0.37949530528846154 0.00965624999999999 0.05138497596153845
1 0.16771875 0.3965610324519231 0.01268749999999998 0.04471831009615389
1 0.5458828124999999 0.39183098677884615 0.010484375000000016 0.03446009374999999
1 0.21239843749999998 0.3934624411057692 0.013859375000000007 0.053685444711538466
1 0.8557656250000001 0.3792723004807692 0.016718749999999963 0.06215962500000002
1 0.81128125 0.37845070432692307 0.014062500000000054 0.05511737019230766
1 0.8008046875 0.37994131490384614 0.010671874999999886 0.05429577403846153
1 0.5611640625000001 0.39603286298076923 0.007203124999999994 0.03708920192307689
1 0.849828125 0.3948004699519231 0.016156250000000007 0.036924882211538446
1 0.728296875 0.394460094951923 0.01593749999999999 0.03882629086538461
1 0.2028515625 0.3940727692307693 0.009578124999999993 0.042793427884615376
1 0.32439843749999997 0.3921478882211539 0.011234374999999975 0.039835680288461524
1 0.4795673076923077 0.3786057692307692 0.9591346153846154 0.32211538461538464
