1 0.32384375 0.6073020829326923 0.255125 0.7853958341346154
1 0.58909375 0.4890416670673077 0.011343750000000053 0.03316666586538464
1 0.6089765625 0.48730208293269234 0.011984375000000004 0.031229165865384607
1 0.7926328125000001 0.517125 0.02189062499999996 0.0753333317307692
1 0.9666093750000001 0.54425 0.035437500000000045 0.11433333173076925
1 0.6622578124999999 0.49976041706730767 0.017015625000000048 0.06372916586538463
1 0.6980312499999999 0.5057708329326923 0.021281250000000022 0.07470833413461538
1 0.7148359375000001 0.5037604158653847 0.018359374999999973 0.05293749999999998
1 0.7084140624999999 0.48440625000000004 0.007671875000000046 0.024145831730769247
1 0.8362578125 0.517 0.02310937499999997 0.08354166826923076
1 0.645140625 0.5293645841346154 0.023625000000000076 0.13681249999999998
1 0.8830859375 0.5333333341346154 0.04610937499999993 0.13437500000000002
1 0.6799765625 0.5093958341346153 0.022390624999999886 0.08312500000000003
1 0.7589765624999999 0.51478125 0.013640625000000055 0.07789583173076928
1 0.9375 0.5072115384615384 0.021634615384615384 0.056490384615384616
