1 0.37809375 0.5364791670673077 0.034249999999999975 0.04245833413461538
1 0.385296875 0.2994479158653846 0.03303124999999996 0.05293750000000001
1 0.431625 0.5387291658653847 0.04640624999999995 0.041249999999999995
1 0.3485625 0.3148958329326923 0.031562499999999986 0.042916665865384666
1 0.43317968749999997 0.29178125 0.03264062499999998 0.038770831730769256
1 0.48240625 0.27177083293269233 0.02337500000000004 0.049791665865384596
1 0.29095312500000003 0.5345729158653846 0.029250000000000016 0.03331250000000001
1 0.2444609375 0.34131249999999996 0.035953125000000016 0.05370833173076925
1 0.46229687499999994 0.5358333341346154 0.010156249999999986 0.03449999999999994
1 0.60746875 0.57721875 0.05259374999999998 0.16768750000000002
1 0.8221328125 0.528125 0.00620312500000007 0.02354166826923074
1 0.5691718750000001 0.25434375 0.03221874999999998 0.03747916826923078
1 0.65628125 0.6119791670673076 0.049218749999999915 0.24241666586538457
1 0.06129807692307692 0.5240384615384616 0.025240384615384616 0.04326923076923077
