1 0.30255468750000003 0.2882604170673077 0.026546875000000022 0.06572916586538459
1 0.202703125 0.33992708293269236 0.09578125 0.13547916586538464
1 0.410796875 0.2483645829326923 0.04150000000000002 0.07472916586538461
1 0.7048281249999999 0.3874583329326923 0.13096875000000002 0.13770833413461536
1 0.8721953125 0.1595520829326923 0.058984374999999915 0.08089583413461539
1 0.317453125 0.2516979170673077 0.05490624999999998 0.11489583413461538
1 0.070625 0.35703125 0.10856249999999999 0.11989583173076923
1 0.441515625 0.3281458341346154 0.2351875 0.27125
1 0.7685468750000001 0.2114583341346154 0.05034374999999996 0.087125
1 0.0356328125 0.3193437499999999 0.069703125 0.15193749999999998
1 0.1176171875 0.3577291658653846 0.11351562500000002 0.09999999999999999
1 0.2620625 0.3132916658653846 0.06353125000000001 0.129125
1 0.4586953125 0.2358333329326923 0.03373437500000001 0.07091666586538461
1 0.5444711538461539 0.2536057692307692 0.9074519230769231 0.2692307692307692
