1 0.897484375 0.5754964543269231 0.1615937499999999 0.3295271875
1 0.7527187499999999 0.4862293149038462 0.11699999999999992 0.17827423076923077
1 0.5278828124999999 0.5046943605769231 0.07132812499999996 0.21298210096153844
1 0.4909765625 0.6210047283653846 0.099765625 0.37416075480769234
1 0.1985625 0.5318439723557693 0.0726875 0.20912529567307694
1 0.3401171875 0.6468203317307692 0.13367187499999997 0.43595744711538464
1 0.1820546875 0.6083806141826924 0.11082812500000003 0.2981323870192307
1 0.13265625 0.6423286057692308 0.2065625 0.4876359326923077
1 0.4306718749999999 0.6951182043269231 0.1075 0.4578014182692307
1 0.9550234375000001 0.460212765625 0.05323437500000006 0.12548463221153844
1 0.4743359375 0.42404255408653846 0.06489062499999997 0.14803782451923075
1 0.6349999999999999 0.5804018918269231 0.1684375 0.3502600480769231
1 0.518359375 0.3807446802884616 0.05806249999999999 0.0710874711538462
