1 0.126390625 0.45393491105769235 0.11037500000000001 0.24719921153846153
1 0.5216640625 0.6136489146634616 0.103359375 0.3395266274038462
1 0.29823437500000005 0.6143589747596153 0.08946875000000001 0.3210650889423077
1 0.11895312499999999 0.636390532451923 0.08253125 0.28063116586538456
1 0.24389843749999998 0.4392011838942308 0.11298437500000001 0.25599605528846153
1 0.3402890625 0.42477317548076926 0.09157812499999998 0.2712820528846154
1 0.43466406249999995 0.5170019723557693 0.10257812499999996 0.4383826418269231
1 0.5325624999999999 0.4044773185096154 0.10731249999999999 0.2254043389423077
1 0.6456484375 0.40246548317307695 0.11189062500000002 0.22197238461538463
1 0.7396953125000001 0.42715976322115384 0.08967187499999997 0.2391321514423077
1 0.39820312499999994 0.6056410252403847 0.11753125 0.3362130168269231
1 0.7924453124999999 0.33207100600961537 0.061421874999999945 0.13211045432692303
1 0.8379062499999999 0.5202761346153847 0.10478124999999999 0.4645364903846154
1 0.47475961538461536 0.6105769230769231 0.6298076923076923 0.35697115384615385
