1 0.10196875 0.6573020841346154 0.13315625 0.6629375
1 0.2963984375 0.40647916706730763 0.041953124999999966 0.1398333341346154
1 0.222625 0.45925 0.14862499999999998 0.21187499999999998
1 0.027585937499999998 0.41067708293269234 0.055171874999999995 0.17422916586538462
1 0.468296875 0.4405104158653846 0.10081249999999997 0.16918750000000002
1 0.6845234375 0.42969791706730764 0.05276562500000008 0.11939583413461538
1 0.5862812500000001 0.43183333293269227 0.07240625000000002 0.1294583341346154
1 0.8272499999999999 0.40616666706730764 0.0445 0.10358333413461544
1 0.5204296875 0.3825 0.028109375 0.05620833173076923
1 0.7576484374999999 0.41607291706730776 0.0540156249999999 0.11160416586538463
1 0.677078125 0.3594166670673077 0.014812499999999947 0.026541665865384638
1 0.248578125 0.36236458293269236 0.027156249999999993 0.06472916586538463
1 0.8466250000000001 0.3887916658653846 0.02975000000000008 0.0805
1 0.5384615384615384 0.6526442307692307 0.8737980769230769 0.6814903846153846
