1 0.4198148149038462 0.547296875 0.5047474759615386 0.871625
1 0.9071548822115385 0.178921875 0.1856902355769231 0.22053125000000004
1 0.37706228966346156 0.20642968750000001 0.08466330048076923 0.126015625
1 0.5304713798076923 0.07523437499999999 0.07707070673076927 0.11787500000000001
1 0.5729208762019231 0.05572656250000001 0.046683502403846125 0.058921875000000005
1 0.9549494951923078 0.0549609375 0.049360269230769305 0.049546875
1 0.7547390564903846 0.24317968749999996 0.0899158245192308 0.07645312500000001
1 0.8023653197115385 0.090265625 0.09803030288461546 0.10518749999999999
1 0.46943602644230775 0.107421875 0.14079124519230765 0.19465625
1 0.7114562283653846 0.07831250000000001 0.032979798076923 0.03715625
1 0.7668097632211539 0.170375 0.16348484855769221 0.23596875
1 0.6362878786057693 0.139546875 0.14422558894230772 0.27909375
1 0.871203703125 0.057960937500000004 0.03917508413461549 0.051296875000000006
1 0.5192307692307693 0.140625 0.8461538461538461 0.28125
