1 0.41525 0.7195493569711539 0.14237500000000003 0.5559227475961539
1 0.26180468749999997 0.5685407728365385 0.215984375 0.2831330456730769
1 0.337625 0.8009656646634615 0.15809374999999998 0.3980686706730769
1 0.208640625 0.7090879831730769 0.144 0.5774892692307693
1 0.65471875 0.5903326177884616 0.053062499999999894 0.06581545192307695
1 0.5777578125 0.56623390625 0.04632812499999995 0.09920600961538462
1 0.6034999999999999 0.5673497860576924 0.06618749999999998 0.09624463461538468
1 0.6183203125 0.5684656658653846 0.07639062500000002 0.10272532211538468
1 0.090234375 0.5325321887019231 0.011968749999999998 0.060343348557692314
1 0.113296875 0.5323283257211538 0.01940625 0.06856223317307696
