1 0.7132890625 0.8053621490384616 0.05464062500000001 0.16675233653846164
1 0.9021171875 0.8003387848557693 0.038015625000000025 0.13273364663461537
1 0.8509296875000001 0.7837295564903847 0.025484375000000108 0.07119743028846155
1 0.8584296875 0.8442669399038463 0.016484375000000037 0.04987733653846163
1 0.16373437500000002 0.8244392512019232 0.0320625 0.09481308413461544
1 0.4395390625 0.8461682247596153 0.014703125000000004 0.05967289663461532
1 0.6336484375 0.8233644855769231 0.012890625000000027 0.04878504807692307
1 0.8156640624999999 0.8057593461538463 0.01879687500000001 0.06600467307692306
1 0.7961640625 0.8136448593749999 0.012234375000000105 0.03808411298076933
1 0.32663281250000004 0.8483528040865385 0.012765625000000046 0.02390186778846152
1 0.48449218749999995 0.8290420552884614 0.01976562499999999 0.08051401923076937
1 0.3117734375 0.82625 0.023765624999999995 0.11156541826923085
1 0.5880546875 0.8264135516826923 0.007609375000000021 0.02539719471153841
1 0.609625 0.8172780384615385 0.017781250000000047 0.08563084134615387
1 0.5721153846153846 0.8197115384615384 0.78125 0.07451923076923077
