1 0.796875 0.48988290384615385 0.19940624999999995 0.5258548028846154
1 0.5972500000000001 0.5851522247596154 0.15599999999999997 0.31939109855769227
1 0.368828125 0.494379390625 0.22790624999999995 0.5348477764423077
1 0.682109375 0.33978922716346155 0.11162500000000009 0.2923653389423077
1 0.5964453125 0.34964871153846155 0.10017187499999995 0.2835128798076923
1 0.08095312499999999 0.23838407572115386 0.06284374999999999 0.16922716586538464
1 0.4121875 0.22635831370192308 0.05724999999999994 0.07978922836538462
1 0.954546875 0.2848946129807692 0.05412499999999991 0.10735362980769227
1 0.55465625 0.27411006971153845 0.022749999999999996 0.10676814903846153
1 0.159125 0.3353044495192308 0.1315 0.3600234182692308
1 0.12060156250000001 0.1938524579326923 0.016984375 0.0752459014423077
