1 0.11932812500000001 0.6430183725961539 0.0804375 0.639632548076923
1 0.216046875 0.6246850396634616 0.14168750000000002 0.5734120745192308
1 0.3231796875 0.5180839903846154 0.10910937499999997 0.39669291346153834
1 0.465546875 0.5067454074519231 0.20065624999999995 0.41574803125
1 0.6468125 0.5348293966346154 0.188625 0.3460892403846154
1 0.810546875 0.5359055120192308 0.10215624999999989 0.3449343846153846
1 0.9090625 0.5526509182692307 0.11453124999999996 0.43580052403846153
1 0.7369765625 0.5433989507211539 0.06289062500000006 0.3286351706730769
1 0.62040625 0.5357217836538462 0.07246875000000005 0.3366929134615384
1 0.5261796875 0.5101443569711539 0.11264062499999998 0.4103149591346154
1 0.4085390625 0.43839894951923075 0.07598437499999999 0.22246719230769235
1 0.05284375 0.6494356959134616 0.1056875 0.7011286081730769
