1 0.53048009375 0.42471875 0.6163700240384615 0.31909375
1 0.10359484735576922 0.11333593750000001 0.13426229567307693 0.12267187499999999
1 0.8186182668269232 0.1856015625 0.1580327884615385 0.23054687499999998
1 0.3987353629807692 0.079546875 0.0746604230769231 0.12031250000000002
1 0.4639929735576923 0.086703125 0.14288056249999997 0.113875
1 0.5522482439903846 0.08213281250000001 0.07887587740384615 0.10229687500000001
1 0.8873770492788461 0.1371640625 0.1377985937500001 0.178078125
1 0.8437119435096154 0.0650234375 0.05824356009615391 0.057546875000000004
1 0.21019906370192307 0.1078984375 0.1353864158653846 0.129171875
1 0.32467213100961534 0.1939765625 0.16934426201923078 0.33439062500000005
1 0.029203747596153847 0.131171875 0.058407495192307694 0.11687499999999999
1 0.6315807968749999 0.0724453125 0.12185011778846147 0.115609375
