1 0.36151 0.5906666670673076 0.20770000000000002 0.34106666586538464
1 0.83595 0.67528 0.24270000000000008 0.4427199999999999
1 0.72312 0.4359333329326924 0.18355999999999995 0.37485333413461547
1 0.81672 0.3725066670673077 0.14568000000000006 0.2357333341346154
1 0.9415 0.4704666658653846 0.11700000000000006 0.4714400000000001
1 0.49408 0.622 0.17059999999999997 0.4714666682692308
1 0.38433 0.3198133341346154 0.18054000000000003 0.23999999999999996
1 0.49875 0.35500000000000004 0.0793 0.10845333173076922
1 0.39929000000000003 0.27632 0.13633999999999996 0.18256000000000003
1 0.18912 0.37938666586538466 0.15788000000000002 0.28576
1 0.14325 0.4190933329326923 0.20562000000000002 0.3348266658653846
1 0.6275799999999999 0.46987999999999996 0.18735999999999997 0.4005600000000001
1 0.67156 0.25810666706730767 0.07664000000000006 0.16261333413461537
1 0.5204326923076923 0.31971153846153844 0.7079326923076923 0.33653846153846156
