1 0.3807056454326923 0.8797343750000001 0.13145161298076927 0.23771875000000003
1 0.4613004038461538 0.8813984374999999 0.0823588701923077 0.224765625
1 0.8602419350961538 0.9053984375 0.09403225961538457 0.18760937500000002
1 0.7018346778846153 0.823390625 0.09887096634615393 0.13459374999999996
1 0.6472983870192308 0.7965625000000001 0.08826612980769234 0.15225000000000002
1 0.5430544362980769 0.7529218750000001 0.06163306490384614 0.13525000000000004
1 0.3810181454326923 0.6859296875 0.03538306490384617 0.076015625
1 0.2423588713942308 0.7621093750000001 0.06133064663461538 0.15353124999999992
1 0.2859375 0.6975859375 0.04292338942307694 0.08467187500000001
1 0.0900201610576923 0.7421640625 0.04697580769230769 0.11748437500000009
1 0.9056048389423078 0.8891093750000001 0.08233871153846153 0.22178125000000007
1 0.18365927403846152 0.7642890625000001 0.07231854807692306 0.16004687499999998
1 0.04684475841346154 0.7529765625 0.061350805288461534 0.13964062500000005
