1 0.876025 0.292125 0.10458333173076922 0.28240000000000004
1 0.9387083329326923 0.47458750000000005 0.11958333413461539 0.304925
1 0.8467583329326923 0.5895874999999999 0.3064833341346154 0.820825
1 0.84805 0.34981249999999997 0.08889999999999997 0.198575
1 0.6674166670673076 0.6505625 0.29513333413461545 0.6764249999999999
1 0.4849666670673077 0.572375 0.21303333413461534 0.8326999999999999
1 0.4320416658653846 0.3252625 0.04904999999999999 0.08682499999999999
1 0.23819999999999997 0.5647875 0.3176 0.8516750000000001
1 0.14509999999999998 0.3525875 0.108 0.14692499999999997
1 0.04863333293269231 0.378025 0.06846666586538461 0.09094999999999996
1 0.3451333329326923 0.34932500000000005 0.07046666586538461 0.19315000000000002
1 0.4019916658653846 0.33910000000000007 0.02725000000000003 0.08005000000000002
1 0.0953583329326923 0.33039999999999997 0.05638333413461538 0.1527
1 0.46634615384615385 0.45072115384615385 0.8052884615384616 0.39783653846153844
