1 0.8925078125 0.7671979170673077 0.082296875 0.2861458341346153
1 0.5225859375 0.7594687499999999 0.09076562499999999 0.2878124999999999
1 0.41846093749999996 0.7576458329326924 0.098953125 0.21020833413461537
1 0.8410078124999999 0.7633645841346154 0.04045312500000005 0.14831249999999996
1 0.021226562499999997 0.8097604158653845 0.017609375 0.07531249999999996
1 0.6437109375 0.8096249999999999 0.023515625000000064 0.03504166826923079
1 0.008640625 0.7964583329326923 0.017125 0.09933333413461544
1 0.158078125 0.79040625 0.018406249999999992 0.09643749999999998
1 0.67009375 0.79671875 0.01834375000000007 0.08181249999999998
1 0.7057187499999998 0.8108854158653848 0.019062500000000017 0.05856250000000006
1 0.7545625 0.8112083329326923 0.01728125000000005 0.0545416658653847
1 0.17373437500000002 0.7900208329326923 0.023343749999999996 0.1011666658653846
1 0.2956730769230769 0.7848557692307693 0.5456730769230769 0.10817307692307693
