1 0.5648266658653847 0.7821899999999999 0.13792000000000007 0.2338600000000001
1 0.9325066658653847 0.7649299999999999 0.05567999999999994 0.13233999999999993
1 0.2071466670673077 0.7407000000000001 0.1341866658653846 0.3172800000000001
1 0.044399999999999995 0.73979 0.08512 0.17958000000000005
1 0.1312933329326923 0.73854 0.06578666586538463 0.10444000000000003
1 0.44676000000000005 0.7537300000000001 0.04599999999999999 0.1188199999999999
1 0.3383733329326923 0.77157 0.054826665865384566 0.07158000000000005
1 0.78992 0.7644500000000001 0.08346666826923073 0.14769999999999997
1 0.6166 0.81946 0.09544000000000004 0.13312000000000004
1 0.08804 0.73182 0.03431999999999999 0.11588000000000011
1 0.29388 0.75253 0.03277333173076924 0.049100000000000074
1 0.7212933341346155 0.7855300000000001 0.09111999999999995 0.09594000000000004
1 0.49398666706730765 0.74199 0.03106666586538461 0.08541999999999998
1 0.4495192307692308 0.7524038461538461 0.8930288461538461 0.09615384615384616
