1 0.1637109375 0.9034921875 0.02901562499999999 0.029265625000000055
1 0.1712578125 0.8392734374999999 0.013796874999999983 0.024296875000000037
1 0.378765625 0.8315625 0.010562500000000013 0.016124999999999928
1 0.385140625 0.8220703125000001 0.031531249999999976 0.04054687500000002
1 0.7712265625 0.8083437499999999 0.005671874999999924 0.009218749999999951
1 0.5804609374999999 0.858890625 0.02204687500000002 0.021093749999999946
1 0.5150312499999999 0.8224687500000001 0.006062500000000048 0.015375000000000036
1 0.4286640625 0.8236796875000001 0.005703125000000005 0.013734375000000024
1 0.14803906249999998 0.8382734375 0.010109375000000002 0.020671874999999947
1 0.4886484375 0.8254921875000001 0.0037968749999999904 0.013296874999999986
1 0.3669375 0.83 0.00521875000000005 0.015437499999999925
1 0.0911953125 0.9242265625 0.009859375000000004 0.013046875000000022
1 0.509859375 0.821890625 0.00521875000000005 0.013937500000000004
1 0.6646634615384616 0.8125 0.5048076923076923 0.040865384615384616
