1 0.26315625 0.20713800961538464 0.07881250000000001 0.31766968269230766
1 0.05510156249999999 0.2569230769230769 0.085359375 0.5056108605769231
1 0.8324218750000001 0.20398190024038462 0.0906875 0.34438914182692304
1 0.1719375 0.18050904927884615 0.1075625 0.3610180985576923
1 0.024078125000000002 0.5054864254807693 0.048156250000000005 0.5509276009615385
1 0.1097109375 0.19451357451923074 0.045765625 0.3345475096153846
1 0.95128125 0.19227375480769232 0.09690624999999997 0.3840497740384615
1 0.36620312499999996 0.09196832572115385 0.053624999999999985 0.12515837259615384
1 0.9003984374999999 0.18811086057692308 0.059390625000000016 0.3346380096153846
1 0.6294296875000001 0.09645927644230769 0.05357812500000007 0.12481900480769229
1 0.682796875 0.1149660637019231 0.045281249999999974 0.17821267067307692
1 0.8687734375 0.13329185576923075 0.032203125000000006 0.15803167307692306
1 0.879953125 0.06364253485576923 0.02303125000000004 0.06529411778846154
1 0.4050480769230769 0.23197115384615385 0.8076923076923077 0.4639423076923077
