1 0.8462890624999999 0.6763967127403846 0.041265624999999966 0.18964788701923074
1 0.9138124999999999 0.6619718305288462 0.027593749999999966 0.11737089182692308
1 0.792859375 0.6714553990384615 0.028750000000000088 0.17394366346153842
1 0.9666484375000001 0.6869248834134615 0.030421875000000043 0.16370892067307694
1 0.7282890625 0.6132159627403847 0.01726562500000001 0.040751175480769265
1 0.9879374999999999 0.6925704218750001 0.024125000000000004 0.15523474278846153
1 0.30467968749999996 0.511631454326923 0.074390625 0.12481220673076922
1 0.7543828125 0.5898826286057692 0.008421874999999938 0.03230046874999999
1 0.92396875 0.6557863846153846 0.018437500000000037 0.1315258221153846
1 0.8183046875000001 0.7009272307692308 0.03095312500000005 0.07321596153846148
