1 0.263765625 0.5078645841346153 0.21740625 0.9528125000000001
1 0.1053359375 0.4966354170673077 0.207296875 0.9842708341346154
1 0.4853671875 0.6040729170673077 0.29617187500000003 0.7918541658653846
1 0.718875 0.63684375 0.27124999999999994 0.7038541682692308
1 0.610984375 0.3290937500000001 0.0895 0.2631458317307693
1 0.408015625 0.4240833329326923 0.14559375000000002 0.6027083341346153
1 0.7898906250000001 0.3585625 0.13434375 0.3753333317307692
1 0.9331484375 0.48838541706730765 0.13370312499999998 0.7752708341346154
1 0.546375 0.2734375 0.07765625000000001 0.2812083317307692
1 0.2346015625 0.17278125 0.040703125000000014 0.0871875
1 0.913328125 0.2427604158653846 0.02312500000000001 0.0475625
