1 0.2502578125 0.4848854170673077 0.03182812500000003 0.08985416586538456
1 0.3011953125 0.49034375 0.023453125000000005 0.08510416826923077
1 0.36071875 0.49738541706730766 0.02831250000000005 0.08977083413461535
1 0.28238281249999997 0.4986875 0.016015624999999985 0.07204166826923078
1 0.224515625 0.3988125 0.016656250000000004 0.03887499999999999
1 0.2080390625 0.4161666670673077 0.020609375000000024 0.07570833413461543
1 0.19249218750000002 0.41772916706730767 0.014609375 0.06920833413461541
1 0.35014843749999996 0.4018958329326923 0.028984374999999944 0.04220833413461535
1 0.32953124999999994 0.3992291670673077 0.01659374999999998 0.03720833413461539
1 0.19954687499999998 0.4086041670673077 0.006437499999999994 0.0556666658653846
