1 0.6176953125 0.9128541670673076 0.06235937500000004 0.1685416658653845
1 0.272 0.9071770829326922 0.063875 0.13860416586538463
1 0.4169453125 0.92684375 0.05401562500000004 0.14631249999999996
1 0.8173203124999999 0.8887708341346153 0.05392187500000007 0.089
1 0.7477109375000001 0.9541458329326923 0.09726562499999994 0.09170833413461538
1 0.9205625000000001 0.8903854158653846 0.05487499999999994 0.06706250000000005
1 0.30721875 0.9300104170673078 0.05565625000000001 0.09552083413461528
1 0.48126562500000003 0.9326249999999999 0.050375000000000045 0.13474999999999995
1 0.92821875 0.95978125 0.10000000000000006 0.08035416826923071
1 0.192703125 0.9107708329326922 0.0968125 0.13229166586538468
1 0.8463515625 0.9670937500000001 0.07192187499999993 0.06581249999999997
1 0.9847656250000001 0.8938958329326923 0.030468750000000027 0.07579166586538463
