1 0.5748394495192307 0.7749765625000001 0.16082568749999998 0.12910937499999997
1 0.32768348557692306 0.9556953125000001 0.17422018269230768 0.08860937499999995
1 0.3314105504807692 0.7915859375000001 0.11754587019230768 0.14145312499999996
1 0.894380733173077 0.66321875 0.06821100961538452 0.08131250000000005
1 0.8097362379807692 0.6332109375 0.03736238461538463 0.07726562500000003
1 0.08561926562500001 0.6481640625 0.05334862259615385 0.02495312499999996
1 0.2587729362980769 0.5386484375 0.010619266826923072 0.012296874999999994
1 0.2856995420673077 0.54215625 0.02144495432692306 0.01831249999999999
1 0.7355733942307693 0.5115234375 0.021880735576923136 0.01789062499999999
1 0.4558256887019231 0.8166874999999999 0.11623853124999996 0.09493749999999992
1 0.15613532091346152 0.5904453125 0.03543578124999999 0.02126562499999998
1 0.03848623798076923 0.6509296874999999 0.05486238461538462 0.03317187500000006
1 0.23987385216346152 0.6160078125 0.0495183485576923 0.046515625000000026
1 0.4987980769230769 0.5504807692307693 0.9879807692307693 0.2283653846153846
