1 0.887875 0.2735729158653846 0.0975 0.10218749999999997
1 0.7005234374999999 0.6184166658653846 0.289796875 0.32612499999999994
1 0.8973437499999999 0.23323958293269234 0.07340624999999995 0.1371458341346154
1 0.5653828125 0.23292708293269232 0.078890625 0.09397916586538464
1 0.465109375 0.2129270829326923 0.08721875000000004 0.09614583413461536
1 0.800640625 0.2657291658653846 0.07434374999999992 0.08487499999999998
1 0.609234375 0.19626041586538462 0.07143749999999997 0.1606875
1 0.9196640625 0.6146145829326923 0.16067187499999996 0.4202291658653846
1 0.420609375 0.5382916658653847 0.3209375 0.49775
1 0.644484375 0.2463645829326923 0.07849999999999994 0.07727083413461538
1 0.7262890625 0.23259375 0.08451562500000001 0.1176041682692308
1 0.7180625 0.2622604170673077 0.0628125 0.06727083413461539
1 0.15778125 0.09244791706730769 0.06753124999999999 0.1843541658653846
1 0.8064903846153846 0.2403846153846154 0.08173076923076923 0.13942307692307693
