1 0.6969375000000001 0.7438227848557692 0.04578125000000004 0.26065822836538466
1 0.6343828125 0.7437468353365385 0.053609374999999945 0.23159493509615375
1 0.4854296875 0.7325822788461539 0.04439062499999999 0.21124050480769235
1 0.43959375 0.7316835444711539 0.04878125000000001 0.19967088701923075
1 0.596078125 0.7192911394230769 0.03721875000000001 0.23088607692307692
1 0.40248437499999995 0.7087848100961538 0.05937500000000004 0.21518987499999995
1 0.5512578125 0.740886076923077 0.06376562499999999 0.23584810096153852
1 0.505328125 0.6382784807692308 0.029874999999999992 0.050987341346153785
1 0.6738437500000001 0.7340506322115383 0.034187499999999954 0.23073417788461548
1 0.4481953125 0.6249620252403846 0.016546874999999996 0.04344303605769232
1 0.455390625 0.6518481009615384 0.01831249999999999 0.06637974519230766
1 0.47138281249999997 0.6408227848557692 0.023015625 0.0655443052884615
1 0.5243359375 0.7278354423076923 0.03929687500000006 0.21141772115384613
1 0.5564903846153846 0.7091346153846154 0.21514423076923078 0.23317307692307693
