1 0.410765625 0.6408685444711538 0.012343749999999978 0.02248826201923065
1 0.3741953125 0.6211384975961539 0.023015625 0.09424882692307687
1 0.7294765624999999 0.9484389675480768 0.040703125000000014 0.10251173798076921
1 0.74984375 0.9448591550480768 0.057624999999999954 0.11028168990384615
1 0.6681328124999999 0.9503169014423076 0.041015625 0.09936619711538465
1 0.562078125 0.9534272307692307 0.054312499999999986 0.09037558653846157
1 0.455 0.9639671370192308 0.05846874999999995 0.06981220673076922
1 0.38792187499999997 0.9599647884615384 0.046500000000000055 0.08007042307692312
1 0.5119921875 0.9517840372596154 0.07151562500000004 0.09643192548076922
1 0.8907421875 0.930340376201923 0.058328124999999995 0.0943896706730769
1 0.1754375 0.6631807512019231 0.017843750000000005 0.045187795673077
1 0.9396640625000001 0.9193427235576923 0.04295312499999996 0.10239436538461533
1 0.8516328125 0.937089201923077 0.04901562499999994 0.1258215961538462
1 0.5 0.7740384615384616 0.9963942307692307 0.4483173076923077
