1 0.19503125 0.24391764663461538 0.02465625000000001 0.049388235576923054
1 0.30644531249999996 0.2862235300480769 0.029296874999999965 0.07832941105769228
1 0.6241484375 0.3584823533653846 0.052546874999999924 0.09960000000000004
1 0.5474296875 0.2544823533653846 0.06270312499999998 0.10275294230769233
1 0.5439375000000001 0.7011294110576924 0.18653125 0.39101176442307695
1 0.2717890625 0.7493647067307693 0.185890625 0.322211764423077
1 0.2461640625 0.38154117548076927 0.056796875 0.08280000000000004
1 0.462390625 0.3716823533653847 0.06706250000000005 0.09141176442307695
1 0.48298437499999997 0.6113058822115385 0.03418750000000002 0.13197647115384614
1 0.44015625 0.583964705528846 0.09675000000000004 0.19009411778846153
1 0.1866875 0.6753294122596153 0.052062500000000005 0.05127058894230762
1 0.7743984374999999 0.13143529326923076 0.047140625000000005 0.06898823557692307
1 0.06537499999999999 0.6350352944711539 0.05690625 0.14875293990384617
1 0.4987980769230769 0.4579326923076923 0.9975961538461539 0.9158653846153846
