1 0.8422109374999999 0.5089695552884616 0.212421875 0.28697892307692313
1 0.6132109375 0.1337119435096154 0.08995312499999994 0.2674238870192308
1 0.695140625 0.1828220144230769 0.16706250000000006 0.3656440288461538
1 0.8219765625 0.18920374639423077 0.19370312500000006 0.36477751682692305
1 0.8449921875 0.3457611237980769 0.23592187500000003 0.38932084375
1 0.271859375 0.4108313810096154 0.17706250000000004 0.3914051514423077
1 0.47602343750000004 0.1438173293269231 0.109453125 0.28313817307692307
1 0.3108828125 0.5180444963942308 0.188640625 0.3035363004807693
1 0.9033125000000001 0.9393208425480769 0.19337500000000005 0.1213583149038461
1 0.9073359375 0.5678454326923077 0.182796875 0.29508196634615386
1 0.79965625 0.06644028125 0.08149999999999999 0.1328805625
1 0.9312499999999999 0.09323184975961539 0.13749999999999998 0.1838875889423077
1 0.2376484375 0.06923887620192307 0.059609375 0.11969555048076923
1 0.5144230769230769 0.43149038461538464 0.9675480769230769 0.8617788461538461
