1 0.5127578125000001 0.5922833725961538 0.17992187499999998 0.7932786874999999
1 0.3651484375 0.6075409831730769 0.19535937499999997 0.784918033653846
1 0.31631250000000005 0.2668969555288462 0.1758125 0.35585480048076923
1 0.43442968750000005 0.2361709591346154 0.07710937500000004 0.28831381730769234
1 0.6506796875 0.595 0.17992187499999998 0.8088758798076923
1 0.8549296875000001 0.5952927403846153 0.19298437499999999 0.7780327884615386
1 0.73840625 0.5012763461538461 0.10943750000000002 0.7730444951923077
1 0.8516015625000001 0.24494145192307692 0.17392187499999998 0.31461358173076925
1 0.1859140625 0.6370843088942308 0.23389062500000002 0.7258313822115384
1 0.57196875 0.22976580769230767 0.1053750000000001 0.27400468269230766
