1 0.42246875000000006 0.7350520841346153 0.13712500000000002 0.26893749999999994
1 0.31903125000000004 0.8969374999999999 0.15946875000000002 0.20500000000000007
1 0.3972109375 0.5379791670673076 0.07332812499999995 0.1261666658653846
1 0.1240234375 0.5648229158653847 0.05226562500000002 0.08443750000000001
1 0.133015625 0.63859375 0.121 0.18972916826923084
1 0.17625 0.59990625 0.08640625000000002 0.15202083173076925
1 0.5948125 0.42946874999999995 0.05403125000000001 0.11593749999999997
1 0.053296874999999994 0.5998541658653846 0.07781249999999999 0.268125
1 0.22163281250000003 0.8112395841346155 0.13314062499999998 0.3505625
1 0.9500312499999999 0.9146458329326924 0.09993750000000003 0.17070833413461534
1 0.9023203125 0.7092083341346154 0.08173437499999991 0.1464999999999999
1 0.5208671874999999 0.6440937499999999 0.06042187500000002 0.10814583173076929
1 0.6080156250000001 0.7389791670673076 0.16450000000000004 0.3554166658653846
1 0.5 0.6887019230769231 0.9963942307692307 0.6189903846153846
