1 0.7597109375000001 0.5485981310096153 0.14651562499999995 0.3355140168269231
1 0.39085156249999997 0.2768574759615384 0.03720312500000004 0.13273364423076922
1 0.09246875 0.29304906610576925 0.0700625 0.10595794471153848
1 0.5039765625 0.23303738341346153 0.021859375000000014 0.08196261778846156
1 0.668046875 0.2019042055288462 0.014312500000000018 0.024976637019230773
1 0.7407578125000001 0.15577102764423076 0.0038906249999999597 0.005794391826923087
1 0.194515625 0.058247663461538465 0.014906250000000018 0.05004673076923077
1 0.772890625 0.3122897199519231 0.03793749999999996 0.16028037259615385
1 0.5762343750000001 0.23504672956730768 0.03990625 0.09378504567307691
1 0.640796875 0.2529088786057692 0.03018749999999998 0.06707943990384614
1 0.5932421875 0.24815420552884612 0.029890625000000035 0.057897194711538466
1 0.6855390625000001 0.25542056129807694 0.030109375000000053 0.05471962740384614
1 0.9530625000000001 0.6155373834134615 0.09 0.23042056009615378
1 0.5036057692307693 0.14302884615384615 0.9903846153846154 0.2848557692307692
