1 0.531875 0.8428345492788462 0.04812500000000002 0.17652068028846146
1 0.2650078125 0.397128953125 0.051328125000000016 0.11615571875000004
1 0.7472890625 0.3281630180288462 0.03504687499999999 0.05457420913461542
1 0.8706796875000001 0.5025304146634616 0.06432812500000008 0.12063260336538463
1 0.9144453124999999 0.18974452524038463 0.019890624999999974 0.0381265216346154
1 0.8368593750000001 0.15036496274038463 0.014437500000000068 0.03343065625000002
1 0.5301328125 0.7100729927884615 0.06579687499999999 0.14442822596153854
1 0.6911093749999999 0.15327250600961537 0.01750000000000007 0.037737228365384595
1 0.382421875 0.27220194591346153 0.022843749999999965 0.03428223798076922
1 0.115453125 0.8853892944711539 0.08081250000000002 0.19326033894230768
1 0.8444140625000001 0.23195863701923078 0.023203125000000078 0.03418491346153845
1 0.7904921874999999 0.319732359375 0.025921875000000007 0.06948905048076919
1 0.10042187500000001 0.24294403846153845 0.026062499999999995 0.03844282211538463
1 0.5012019230769231 0.22355769230769232 0.9831730769230769 0.44711538461538464
