1 0.566453125 0.3225058822115384 0.036062500000000025 0.08562352884615382
1 0.526765625 0.3336470588942308 0.04796874999999996 0.09397646874999997
1 0.618921875 0.3218941177884616 0.03303124999999996 0.07531764903846155
1 0.7493125 0.34862352884615383 0.03481249999999993 0.05804705769230773
1 0.28368750000000004 0.44612941105769227 0.0369375 0.058988235576923086
1 0.314765625 0.43224705889423076 0.028093749999999994 0.05837646875000003
1 0.23910937499999999 0.46649411778846156 0.01734375000000001 0.046070586538461564
1 0.86846875 0.7339882355769232 0.018187499999999936 0.08101176442307693
1 0.7077265625 0.33430588221153845 0.05610937499999999 0.08771764903846155
1 0.8315390625 0.7340941165865384 0.015046875000000006 0.07449411778846154
1 0.67846875 0.3544823521634615 0.017125000000000057 0.021482353365384597
1 0.1614765625 0.6526941177884615 0.004953124999999977 0.015364706730769293
1 0.26046875 0.4591882355769231 0.02971875 0.05461176442307691
1 0.5817307692307693 0.5625 0.6766826923076923 0.3485576923076923
