1 0.7311640625000001 0.5761943786057693 0.03829687499999993 0.15838407451923084
1 0.5638359374999999 0.48418032692307694 0.021640624999999993 0.09758782211538466
1 0.5861328125 0.4816861826923077 0.015265624999999958 0.09255269230769227
1 0.68146875 0.4893442620192307 0.02693750000000004 0.10023419230769227
1 0.7268437499999999 0.4839344266826923 0.02496875 0.06370023317307695
1 0.9846093749999999 0.536639344951923 0.030781250000000017 0.14850117067307694
1 0.4805234375 0.5359601875 0.037484375000000014 0.14606557211538465
1 0.7667421875 0.46736534014423076 0.013578125000000031 0.04573770432692306
1 0.8933046875 0.6772482427884616 0.05917187499999999 0.18194379326923082
1 0.8942343749999999 0.5377517560096153 0.033625 0.14210772836538463
1 0.753984375 0.5592740048076923 0.02531250000000007 0.13231849999999995
1 0.7853906249999999 0.513419204326923 0.03384375000000002 0.12009367788461536
1 0.8109140625 0.4814285709134616 0.021671875000000076 0.10725995432692312
1 0.5 0.5384615384615384 0.9963942307692307 0.29086538461538464
