1 0.4066953125 0.6090588233173077 0.106046875 0.4861176466346153
1 0.762265625 0.6995058822115385 0.11003124999999993 0.15439999999999993
1 0.19584375 0.5844235288461539 0.10609375 0.3130352932692308
1 0.0662265625 0.5916235300480769 0.074859375 0.1385411754807693
1 0.6930781250000001 0.5177529411057692 0.06421874999999994 0.21762353124999997
1 0.7680546875 0.4621411766826923 0.062109375000000085 0.2261176466346154
1 0.8275390625000001 0.48129411778846154 0.05004687500000001 0.19792941346153847
1 0.5797421875000001 0.6887529411057692 0.12982812500000007 0.18202353125
1 0.6195546875000001 0.383388234375 0.029921875000000046 0.11830588221153847
1 0.4798359375 0.6207294122596154 0.05217187500000005 0.3205176466346153
1 0.35488281250000003 0.3224705877403846 0.02214062499999999 0.08230588221153848
1 0.5705390625 0.3092117644230769 0.007515624999999983 0.036070586538461506
1 0.5 0.46153846153846156 0.9963942307692307 0.4567307692307692
