1 0.47489062499999996 0.4598117151442308 0.06831250000000001 0.1395397475961538
1 0.613796875 0.4626046021634615 0.07887499999999996 0.1629079495192308
1 0.43630468749999995 0.41564853605769236 0.04282812499999998 0.1158577403846154
1 0.3299453125 0.40877615024038466 0.02764062499999995 0.08052301201923082
1 0.24926562500000002 0.40351464423076927 0.03212499999999997 0.07451882692307692
1 0.1915390625 0.39425732211538467 0.023296874999999977 0.06713388942307691
1 0.889375 0.39949790745192304 0.014625000000000008 0.057196651442307664
1 0.8305078124999999 0.39235355649038467 0.015984374999999974 0.027133891826923086
1 0.9872421874999999 0.41561715504807695 0.02551562500000005 0.07407949759615384
1 0.36050781249999997 0.38898535576923077 0.009515625000000036 0.043075312500000004
1 0.10119531250000001 0.3863389122596154 0.015453125 0.05326359855769231
1 0.560796875 0.39436192548076926 0.012968750000000025 0.04382845192307695
1 0.6151640625 0.3923953966346154 0.025765624999999945 0.05152719711538456
1 0.6754807692307693 0.39783653846153844 0.025240384615384616 0.054086538461538464
