1 0.39859374999999997 0.6524375 0.19381249999999997 0.6719166682692308
1 0.7049609374999999 0.32123958293269234 0.19148437499999993 0.6028958341346154
1 0.41826562500000003 0.1382395829326923 0.024031250000000035 0.10272916586538461
1 0.46106250000000004 0.11007291586538462 0.013843749999999967 0.0595625
1 0.4965390625 0.0834895841346154 0.016328125000000044 0.0625625
1 0.47182031249999995 0.09315625 0.017546874999999986 0.07410416826923076
1 0.4443984375 0.11921875 0.022078124999999966 0.07102083173076923
1 0.8437343749999999 0.09678124999999999 0.020812500000000036 0.08002083173076922
1 0.32796093750000005 0.18195833413461537 0.03792187499999999 0.14800000000000002
1 0.1610078125 0.16071875 0.04235937500000001 0.13522916826923076
1 0.8092578125000001 0.10588541706730768 0.04804687499999989 0.09360416586538463
1 0.2013828125 0.09552083413461537 0.01845312500000001 0.039875
1 0.0891328125 0.16088541706730772 0.056765625 0.13802083413461538
1 0.53125 0.0889423076923077 0.9338942307692307 0.15985576923076922
