1 0.7119765625000001 0.8516314555288461 0.03520312499999999 0.255610329326923
1 0.7789999999999999 0.7977347427884616 0.05403125000000008 0.2335446009615385
1 0.1428515625 0.779788733173077 0.03439062499999998 0.17816901442307695
1 0.703859375 0.7939201875 0.05546875000000011 0.3153051634615384
1 0.1083125 0.7692605637019232 0.024468750000000004 0.14166666586538462
1 0.07992968750000001 0.7688849771634616 0.028515625000000003 0.1300234735576923
1 0.1626328125 0.7788380276442308 0.024109374999999995 0.17786384855769227
1 0.9745390625 0.8542136153846154 0.05092187499999996 0.2124178413461538
1 0.2024921875 0.7780868545673078 0.03173437500000002 0.11368544471153855
1 0.18754687499999997 0.7831220649038462 0.012562499999999997 0.051643192307692286
1 0.2342421875 0.781690141826923 0.011671875000000016 0.05746478846153858
1 0.946421875 0.8180633798076923 0.08575000000000006 0.2690375576923077
1 0.8288203125000001 0.8051643197115385 0.05795312499999998 0.24873239423076918
1 0.4651442307692308 0.7692307692307693 0.6971153846153846 0.13341346153846154
