1 0.8128828124999999 0.6952083341346155 0.05201562500000005 0.5123611105769231
1 0.7470703125 0.6805833329326922 0.10898437499999994 0.4529444447115384
1 0.6011171875 0.5843888894230769 0.04801562500000008 0.3853888894230769
1 0.5264296875000001 0.53175 0.046640625000000005 0.3093333317307692
1 0.47773437500000004 0.5387083329326923 0.04615624999999998 0.2625277764423076
1 0.462265625 0.47800000000000004 0.03050000000000004 0.14272222115384617
1 0.8745624999999999 0.7217222223557692 0.11743749999999996 0.5565555552884616
1 0.5658593749999999 0.5269861105769231 0.03665624999999999 0.24502777884615384
1 0.6100234375 0.4178333341346154 0.02864062499999994 0.07638888942307695
1 0.42746875 0.5190138894230769 0.03049999999999997 0.22124999999999997
1 0.64665625 0.6269861105769231 0.08718750000000003 0.45297222115384617
1 0.5755390625 0.5050972223557693 0.02289062499999995 0.1469722235576923
