1 0.9352734375 0.7200937500000001 0.12945312500000006 0.2965208317307693
1 0.63534375 0.6555520829326924 0.17703124999999995 0.31597916586538466
1 0.9645859375 0.1444583329326923 0.07082812499999996 0.20366666586538462
1 0.918796875 0.1462708329326923 0.0778125 0.1742916658653846
1 0.842 0.06227083413461539 0.04506249999999996 0.064875
1 0.8033671874999999 0.1304791670673077 0.08098437500000003 0.1922083341346154
1 0.7411796875 0.1185625 0.08679687500000004 0.18595833173076923
1 0.687828125 0.11 0.06631250000000002 0.18179166826923077
1 0.8084609375 0.765375 0.18151562499999996 0.21270833173076925
1 0.878359375 0.1395520829326923 0.08209375000000002 0.1844791658653846
1 0.6423046875 0.09937499999999999 0.07820312499999993 0.18245833173076922
1 0.40051562500000004 0.07404166706730769 0.06643750000000001 0.14808333413461539
1 0.5165 0.05260416586538462 0.05921874999999998 0.09200000000000001
1 0.39663461538461536 0.0733173076923077 0.44711538461538464 0.13341346153846154
