1 0.45740000000000003 0.53161 0.7832800000000001 0.77354
1 0.7290933329326924 0.36112999999999995 0.09717333413461536 0.12838
1 0.8443466658653845 0.35531999999999997 0.057919999999999985 0.11028
1 0.9114266670673078 0.35773 0.059653334134615384 0.08398000000000004
1 0.13240000000000002 0.31873 0.049706668269230786 0.07454
1 0.2155866670673077 0.32876999999999995 0.08685333413461539 0.06430000000000001
1 0.7058133329326923 0.32022999999999996 0.034986665865384674 0.026860000000000002
1 0.7926133329326923 0.35735999999999996 0.07157333413461532 0.11187999999999997
1 0.9804133329326923 0.44884999999999997 0.0391733341346154 0.13342000000000004
1 0.0473733329326923 0.35523 0.08781333413461538 0.09325999999999997
1 0.2554533329326923 0.38078 0.0770933341346154 0.05695999999999998
1 0.25576000000000004 0.30717 0.032426668269230755 0.05106
1 0.8814000000000001 0.34534 0.032719999999999964 0.08896000000000001
