1 0.2880390625 0.792236842548077 0.09482812499999999 0.4155263149038462
1 0.38202343749999995 0.7959689002403846 0.10095312499999999 0.4076315793269231
1 0.6250546874999999 0.7467703341346155 0.08979687499999994 0.2724880384615385
1 0.461890625 0.5633253581730769 0.07312500000000004 0.1469377980769231
1 0.532796875 0.5622129194711539 0.072 0.15519138701923085
1 0.7008203125 0.723217703125 0.10714062500000009 0.3505502379807692
1 0.8732734375 0.7423325360576923 0.10860937500000006 0.4337081346153847
1 0.1949609375 0.6627511959134615 0.09760937499999998 0.4441148341346154
1 0.2860078125 0.5663875600961539 0.09304687499999999 0.21698564423076933
1 0.59146875 0.6047368413461539 0.08943749999999998 0.2034449759615385
1 0.3632578125 0.5830143545673077 0.07542187499999997 0.24272727163461547
1 0.7787734374999999 0.7181339711538463 0.11445312500000003 0.44612440384615376
1 0.46405468749999995 0.7994377992788462 0.089765625 0.3508851658653845
1 0.45913461538461536 0.5240384615384616 0.4807692307692308 0.7463942307692307
