1 0.7779140625000001 0.47408918389423077 0.01864062500000002 0.021612901442307722
1 0.9193593749999999 0.517030359375 0.02874999999999995 0.10601518028846155
1 0.9541796875 0.6276850096153846 0.05776562500000004 0.23172675480769228
1 0.8810859375 0.5139278930288461 0.018765625000000067 0.10254269471153844
1 0.740359375 0.5203510432692308 0.02962500000000003 0.12218216346153844
1 0.7143437499999999 0.4673719158653846 0.01953125 0.03872865384615384
1 0.8382031249999999 0.47403225721153847 0.017343750000000078 0.012884249999999998
1 0.8680156250000001 0.505180265625 0.026250000000000037 0.09878557932692313
1 0.9527890624999998 0.49206831129807693 0.03770312500000003 0.05647058894230773
1 0.827375 0.46537950600961536 0.01759375000000004 0.030531310096153817
1 0.990203125 0.5555028461538462 0.019593750000000024 0.17275142307692304
1 0.9736406249999999 0.5121536995192307 0.0210625 0.06867172596153842
1 0.7622734375 0.4774857680288462 0.014921874999999956 0.016907021634615386
