1 0.23292968749999998 0.6449415889423077 0.411765625 0.6876401875
1 0.093921875 0.46179906490384615 0.16981249999999998 0.40672897115384615
1 0.31858593749999997 0.35434579326923077 0.10601562499999997 0.18612149519230764
1 0.43075 0.29786214903846153 0.06128124999999999 0.21250000000000002
1 0.38825 0.37219626201923073 0.04099999999999996 0.13939252403846153
1 0.49307031250000005 0.28081775721153845 0.04685937500000003 0.11341121634615382
1 0.8554140625000001 0.6674182247596154 0.289171875 0.6382009350961538
1 0.7886718749999999 0.5254789723557691 0.2412499999999999 0.4690887860576923
1 0.6685312500000001 0.2972313076923077 0.053687500000000006 0.10161214903846152
1 0.702515625 0.44470794350961546 0.051031249999999966 0.17997663701923078
1 0.7317812499999999 0.3313551394230769 0.07128125000000005 0.13224299038461537
1 0.3691093750000001 0.7597429903846155 0.15459375000000003 0.32467289903846147
1 0.574953125 0.4389602800480769 0.184125 0.4935280360576923
1 0.7536057692307693 0.375 0.49038461538461536 0.2548076923076923
