1 0.3682734375 0.19196875 0.198421875 0.3744375
1 0.086265625 0.18611458293269229 0.040531250000000005 0.10364583413461538
1 0.8961406249999999 0.10153124999999999 0.0584375 0.1588125
1 0.47725 0.12159375 0.03590625000000003 0.0793125
1 0.49629687499999997 0.12420833293269232 0.02159375000000001 0.07670833413461539
1 0.45614843749999995 0.1045208329326923 0.01617187499999998 0.024791665865384616
1 0.18753125 0.1440833329326923 0.056093749999999984 0.15808333413461537
1 0.6285468750000001 0.0936458329326923 0.02178124999999995 0.07516666586538462
1 0.13366406249999999 0.1575208329326923 0.024328125 0.05354166586538462
1 0.16774999999999998 0.10186458293269231 0.02568749999999998 0.08964583413461537
1 0.56259375 0.1265520829326923 0.13837500000000005 0.2450208341346154
1 0.7604765625 0.30003124999999997 0.200640625 0.5958125
