1 0.3515078125 0.6265845072115385 0.08376562499999998 0.3280985913461538
1 0.32335937499999995 0.2148356802884615 0.314 0.41568075
1 0.41133593749999997 0.6424295769230769 0.056640625 0.2592253509615385
1 0.19587500000000002 0.6482276995192309 0.06290625 0.2609154951923077
1 0.13753125 0.6472300468750001 0.06937499999999999 0.25084506971153847
1 0.5446484375 0.6503873245192308 0.03851562500000002 0.26279342788461535
1 0.604984375 0.6069600937499999 0.03909375000000001 0.1548591538461538
1 0.49253125 0.7092840384615384 0.060218749999999974 0.17063380288461533
1 0.9330703124999999 0.7604929579326923 0.13385937499999997 0.4493896706730769
1 0.60259375 0.7211619723557692 0.09562500000000007 0.14833333413461547
1 0.010875 0.6472652584134616 0.02175 0.2349061033653846
