1 0.2488359375 0.5893333329326923 0.13120312500000003 0.3899166658653846
1 0.308984375 0.37084375 0.12728124999999998 0.25456249999999997
1 0.4693984375 0.6043229158653846 0.130890625 0.2974375
1 0.6556171875000001 0.5449479170673077 0.08426562500000004 0.2898958341346154
1 0.5081328125 0.4647291670673077 0.15535937500000002 0.18133333413461536
1 0.9642421875 0.41572916706730767 0.07151562499999997 0.3026666658653846
1 0.055625 0.5539375 0.10112499999999999 0.5325833317307692
1 0.6326015624999999 0.3659895829326923 0.07264062500000001 0.11710416586538458
1 0.8814609375 0.4853854170673077 0.10110937500000006 0.31910416586538454
1 0.8173750000000001 0.2922395829326923 0.05084375000000003 0.1255208341346154
1 0.8109843750000001 0.4892291658653847 0.061468749999999926 0.24537499999999998
1 0.920671875 0.30940625 0.0499375 0.07656250000000002
1 0.7736328125 0.5016875 0.04501562499999997 0.20816666826923075
