1 0.55264 0.9369333329326922 0.02667999999999995 0.08394666586538459
1 0.76355 0.93824 0.026139999999999965 0.08698666826923084
1 0.8345300000000001 0.8957466670673077 0.017940000000000084 0.07293333413461535
1 0.82024 0.85088 0.0171600000000001 0.06608000000000001
1 0.59041 0.9767866670673077 0.02657999999999998 0.0464266658653846
1 0.9021900000000002 0.8465333341346154 0.022540000000000022 0.06656000000000002
1 0.7640100000000001 0.7968933329326924 0.007259999999999942 0.01698666586538467
1 0.7236 0.73084 0.0043600000000000045 0.00600000000000009
1 0.95072 0.9955466670673077 0.009839999999999969 0.008906665865384621
1 0.18606 0.9623333329326923 0.015000000000000022 0.07021333413461542
1 0.12348 0.9881199999999999 0.022159999999999992 0.02376000000000002
1 0.7014699999999999 0.9286533329326923 0.026980000000000004 0.07965333413461537
1 0.5925480769230769 0.8209134615384616 0.8125 0.35216346153846156
