1 0.0884609375 0.4853864158653846 0.15892187500000002 0.48988290384615385
1 0.6287734375 0.35776346514423074 0.11876562500000006 0.16920374759615384
1 0.8815859374999999 0.6024004675480769 0.18276562500000004 0.4717330216346154
1 0.922453125 0.382517563701923 0.06931250000000001 0.10067915625000001
1 0.5378984375000001 0.5679625288461538 0.23842187500000003 0.3455269326923078
1 0.4755703125 0.3662295084134615 0.05226562499999995 0.06641686298076922
1 0.37821093749999996 0.43402810216346155 0.07579687499999999 0.18655737740384615
1 0.5832890625 0.40954332451923076 0.058984374999999985 0.06770491826923077
1 0.2209765625 0.37735362980769227 0.02995312499999999 0.04838407692307695
1 0.22881250000000003 0.4511358317307692 0.03943749999999998 0.10522248076923081
1 0.2681796875 0.3889695552884615 0.051203125 0.09775175480769228
1 0.9681484374999999 0.3526932091346154 0.02839062499999998 0.0560187355769231
1 0.28938281250000003 0.36118267067307686 0.033078124999999986 0.05566744711538461
1 0.5504807692307693 0.34615384615384615 0.7572115384615384 0.140625
