1 0.57118 0.1696675528846154 0.10816000000000002 0.2134840432692308
1 0.8685999999999999 0.28426861658653846 0.1994 0.45167553125
1 0.16392 0.7056250000000001 0.20616 0.5663031923076924
1 0.29045 0.5499734038461539 0.1719 0.8646808509615386
1 0.4419 0.31235372355769225 0.19772 0.45843085096153846
1 0.53823 0.625851063701923 0.21797999999999998 0.7258510649038462
1 0.35402999999999996 0.6539361694711538 0.19769999999999996 0.6651595745192308
1 0.90578 0.6842819158653846 0.18588 0.6
1 0.7371700000000001 0.6388563834134615 0.23034 0.722287233173077
1 0.68034 0.2511170204326923 0.19727999999999998 0.4663829783653846
1 0.11271 0.521462765625 0.21198000000000003 0.9217021274038462
