1 0.67771 0.3950748497596154 0.25854000000000005 0.4272754495192308
1 0.47272000000000003 0.48287425120192307 0.24700000000000003 0.47191616586538454
1 0.31073 0.5808982043269231 0.43534 0.8067664663461538
1 0.9361200000000001 0.26651197596153847 0.12776000000000004 0.359431139423077
1 0.34377 0.34122754447115383 0.034260000000000006 0.05479042067307697
1 0.32023000000000007 0.5304191622596153 0.060740000000000016 0.3456287427884615
1 0.96397 0.06735029927884616 0.07206000000000004 0.1318263485576923
1 0.0664 0.38663173557692304 0.06276 0.1042814375
1 0.40343000000000007 0.3651497007211538 0.15266000000000002 0.3956287427884615
1 0.08687 0.6054341322115385 0.17374 0.7891317355769231
