1 0.38134375000000004 0.44722656250000004 0.3942708317307692 0.442046875
1 0.5370625 0.275109375 0.2861250000000001 0.32815625000000004
1 0.8146041670673078 0.3808984375 0.3707916658653846 0.761796875
1 0.030260415865384614 0.22103124999999998 0.0591875 0.16378125000000002
1 0.02296875 0.16196874999999997 0.0163125 0.02112499999999999
1 0.1139895841346154 0.2219453125 0.0550625 0.142265625
1 0.178875 0.2066484375 0.040749999999999995 0.10185937500000002
1 0.3252916670673077 0.20087500000000003 0.04820833413461541 0.115125
1 0.38697916586538467 0.2071015625 0.04675000000000002 0.09467187499999999
1 0.1493645829326923 0.21915625000000002 0.02952083413461537 0.09384375
1 0.0320416670673077 0.24935937500000002 0.06283333413461538 0.15206250000000002
1 0.28634375 0.2102734375 0.038604168269230785 0.10660937499999998
1 0.328125 0.19110576923076922 0.2644230769230769 0.12379807692307693
