1 0.5064084507211538 0.5045000000000001 0.3038497668269231 0.27640625
1 0.5964436610576923 0.3769218750000001 0.14607981249999996 0.052500000000000005
1 0.8829460096153845 0.3551953125 0.037488264423076956 0.04367187499999998
1 0.435340375 0.32510156250000005 0.05593896634615379 0.034796874999999956
1 0.14690140865384615 0.4750546875 0.09258215865384616 0.11151562500000001
1 0.38976525841346155 0.3157734375 0.020751175480769282 0.011421875000000052
1 0.6517722992788462 0.2858828125 0.01927230048076918 0.011171875000000019
1 0.791490610576923 0.270109375 0.017723004807692313 0.012562499999999997
1 0.4427464783653846 0.2441484375 0.017089201923076905 0.014234374999999987
1 0.5932863846153846 0.2654765625 0.015492956730769268 0.0075781250000000085
1 0.16456572836538463 0.386359375 0.1282863846153846 0.035437499999999976
1 0.7016197187500001 0.27025 0.010046947115384616 0.004218750000000023
