1 0.8840399999999999 0.5337687680288462 0.049560000000000014 0.18177177163461536
1 0.36744 0.6201501502403846 0.06852000000000001 0.27045044951923075
1 0.48029 0.7519969975961539 0.10421999999999997 0.34717717788461544
1 0.48492 0.5392042043269231 0.03988 0.12063062980769225
1 0.42439000000000004 0.5278528533653847 0.05693999999999999 0.1386486490384615
1 0.45200999999999997 0.6493993990384616 0.06453999999999997 0.2729129134615385
1 0.3703 0.4678528533653846 0.030239999999999975 0.05912912980769228
1 0.33577 0.5342792800480769 0.03182000000000001 0.08699699759615385
1 0.31882 0.5106306310096154 0.03252000000000002 0.1040840841346154
1 0.30693000000000004 0.6592342331730769 0.09222000000000002 0.26609609615384616
1 0.39278 0.7013813810096153 0.10971999999999998 0.2858258245192308
1 0.19062 0.5775975973557692 0.05824 0.18336336298076927
1 0.0774 0.5222222211538461 0.046680000000000006 0.09159159134615386
1 0.25240384615384615 0.4987980769230769 0.4375 0.22235576923076922
