1 0.7206640624999999 0.6087291658653846 0.05067187499999999 0.23737499999999992
1 0.8301796874999999 0.6251354158653846 0.09414062499999992 0.2946875
1 0.7627499999999999 0.6052708341346154 0.04793749999999988 0.27912499999999996
1 0.895078125 0.630125 0.05359375000000004 0.24412500000000004
1 0.951828125 0.6318854170673076 0.06178124999999991 0.25839583413461537
1 0.9345390625 0.54084375 0.03201562500000007 0.06985416826923078
1 0.9872500000000001 0.62703125 0.0234375 0.24006250000000004
1 0.80290625 0.6203229158653846 0.03368750000000002 0.24768749999999995
1 0.5120312499999999 0.48330208293269233 0.057562499999999996 0.07514583413461534
1 0.5724453125 0.49120833293269234 0.05370312499999998 0.12083333413461542
