1 0.41616406250000004 0.6042291670673077 0.00879687500000002 0.031208334134615365
1 0.5985625 0.5566249999999999 0.012750000000000004 0.025791668269230825
1 0.6132578125 0.5801458329326923 0.005859375 0.03220833413461536
1 0.5869531250000001 0.7993125 0.01271875000000006 0.046916668269230785
1 0.43464843750000004 0.533375 0.0077343750000000025 0.024916668269230745
1 0.43036718749999997 0.5716145829326924 0.005390625000000016 0.02464583413461539
1 0.6067109375 0.5840416658653846 0.007265624999999951 0.026250000000000037
1 0.5952421875 0.7894479170673077 0.009390625000000053 0.039229165865384545
1 0.6061640625 0.8066145829326923 0.01139062500000004 0.044270834134615425
1 0.5971796875 0.53853125 0.01173437500000004 0.016270831730769222
1 0.5567734375 0.47042708293269236 0.007796874999999959 0.020895834134615383
1 0.4991328125 0.4622916670673077 0.005890625000000012 0.013041665865384671
1 0.5982578125 0.4858854170673077 0.006078125000000019 0.023479165865384635
1 0.5096153846153846 0.6298076923076923 0.2091346153846154 0.25600961538461536
