1 0.500171875 0.5523197115384615 0.05221874999999997 0.10516826923076923
1 0.7143125 0.5381490384615385 0.03759375000000002 0.0751923076923077
1 0.10197656249999999 0.5541586538461538 0.037359375 0.10475961538461534
1 0.6447812500000001 0.4950360576923077 0.02137499999999999 0.05766826923076925
1 0.9235156250000001 0.5148918269230769 0.025593749999999978 0.10584134615384616
1 0.5959140625 0.4642548076923077 0.017921874999999934 0.03091346153846157
1 0.053804687500000004 0.5333413461538462 0.025765625000000007 0.0904807692307692
1 0.1822734375 0.5085096153846155 0.04501562499999997 0.05971153846153847
1 0.3231875 0.49203125000000003 0.012937500000000011 0.02454326923076918
1 0.7973437500000001 0.4709495192307693 0.019375000000000007 0.0511778846153846
1 0.5513437499999999 0.5019471153846153 0.021187499999999984 0.06706730769230763
1 0.06234375 0.5796995192307692 0.017687500000000002 0.047427884615384656
1 0.0205390625 0.5111177884615384 0.014203125 0.048197115384615415
