1 0.5916015625 0.820672170673077 0.06898437499999997 0.1929952836538462
1 0.7065624999999999 0.8032193401442308 0.07996874999999999 0.22691037740384618
1 0.6817734375 0.7707311322115384 0.03185937500000007 0.15500000000000005
1 0.46924218749999996 0.7595047163461538 0.030296874999999994 0.14679245192307688
1 0.39855468749999995 0.7622641514423077 0.03417187499999998 0.13500000000000006
1 0.4826953125 0.7115801887019231 0.01898437500000002 0.05929245432692308
1 0.439203125 0.7296933966346154 0.02515625000000001 0.09981132211538456
1 0.7742578125 0.7886084903846153 0.07314062500000008 0.19867924519230776
1 0.8309921874999999 0.8777830192307692 0.130859375 0.24443396153846153
1 0.58309375 0.7258372644230769 0.03643749999999997 0.07110849038461545
1 0.5324296875 0.7471933966346154 0.04498437500000003 0.1157547163461538
1 0.423109375 0.7082783028846154 0.01149999999999998 0.06000000000000009
1 0.48779687499999996 0.686875 0.009624999999999977 0.0306839615384615
1 0.6706730769230769 0.8245192307692307 0.65625 0.34615384615384615
