1 0.0987109375 0.548423530048077 0.08973437499999999 0.4864941177884615
1 0.3417109375 0.8004470588942307 0.418390625 0.20178823317307687
1 0.705359375 0.7019058834134615 0.28950000000000004 0.15910588221153843
1 0.8114140625 0.6247176466346154 0.2513593750000001 0.2598352932692308
1 0.24244531249999998 0.4891764699519231 0.040984375000000024 0.14305882451923077
1 0.5636171875 0.7463058822115385 0.36239062499999997 0.17261176442307688
1 0.16807812500000002 0.39549411778846155 0.006531249999999997 0.028070586538461565
1 0.80559375 0.4576705877403846 0.024812500000000008 0.035058824519230786
1 0.29561718750000004 0.47824705889423075 0.03182812500000003 0.03983529567307693
1 0.8974375 0.6188823521634615 0.20512499999999997 0.13527058894230765
1 0.2148125 0.4322235300480769 0.023562500000000017 0.03367058894230771
1 0.16777343749999998 0.4738 0.020046875000000002 0.06877647115384612
1 0.3590234375 0.4601058822115384 0.025234375000000007 0.049623528846153814
