1 0.10054687500000001 0.717037469951923 0.07 0.31861826682692307
1 0.176296875 0.7313348954326921 0.05859375 0.27222482451923075
1 0.6809453124999999 0.7133957848557693 0.07335937499999996 0.341779858173077
1 0.4876171875 0.7117213125 0.08264062500000001 0.35360655769230775
1 0.9351875000000001 0.7152341923076923 0.025624999999999922 0.09285714423076928
1 0.8293359374999999 0.7306674471153846 0.06954687499999992 0.3290632307692307
1 0.2322578125 0.755316158653846 0.02295312500000001 0.12131147596153848
1 0.301953125 0.7199648713942307 0.06774999999999999 0.3135128822115385
1 0.25559375 0.7362880564903845 0.034781249999999986 0.17918032932692307
1 0.220078125 0.6316861826923077 0.030187500000000016 0.07728337019230774
1 0.2406953125 0.6769437944711538 0.008703124999999982 0.016697891826923092
1 0.14990625000000002 0.7190749411057692 0.04681249999999999 0.30512880528846154
1 0.8885 0.7313348954326924 0.05390625000000003 0.2981264639423078
1 0.4987980769230769 0.6009615384615384 0.9975961538461539 0.7932692307692307
