1 0.8925078125 0.6451682692307692 0.03520312499999999 0.06086538461538467
1 0.8489687499999999 0.6494471153846154 0.03587499999999995 0.05918269230769232
1 0.300984375 0.6056850961538461 0.01887500000000001 0.06911057692307686
1 0.3277265625 0.5985817307692307 0.018109375000000007 0.07831730769230773
1 0.96865625 0.6494350961538461 0.03518749999999994 0.05088942307692312
1 0.281203125 0.6047355769230769 0.015531249999999996 0.08197115384615383
1 0.9607265624999999 0.5868149038461539 0.010671875000000023 0.0639182692307693
1 0.929609375 0.6510576923076924 0.03628125000000004 0.055817307692307624
1 0.8428281249999999 0.6258894230769231 0.010812499999999977 0.03014423076923075
1 0.9770390625 0.5877524038461538 0.01960937499999993 0.05862980769230766
1 0.31101562499999996 0.5903725961538462 0.012843750000000008 0.08540865384615384
