1 0.2640078125 0.36693749999999997 0.07257812500000002 0.14879166826923074
1 0.30734374999999997 0.48141666586538456 0.10499999999999998 0.216375
1 0.27221875 0.24205208293269231 0.023656249999999986 0.057395834134615416
1 0.06734375000000001 0.1149583329326923 0.010562499999999996 0.03891666586538461
1 0.08178906250000001 0.11570833293269231 0.012234375000000002 0.031916665865384615
1 0.11267968750000001 0.0525 0.014734375000000001 0.044708331730769234
1 0.0834375 0.0489375 0.014843750000000001 0.04225
1 0.09296093750000001 0.1164479170673077 0.01254687500000001 0.02839583413461538
1 0.09979687500000001 0.048885417067307695 0.015687500000000007 0.05289583413461539
1 0.6603203125000001 0.6013333329326923 0.23851562500000006 0.5626666658653845
