1 0.5516 0.43048437500000003 0.7106352932692308 0.27190625
1 0.6757411766826924 0.9148906250000001 0.10494117548076923 0.17021874999999995
1 0.3647411766826923 0.8461796875 0.06830588221153845 0.03114062499999999
1 0.19401176442307694 0.8490234375000001 0.04967058653846151 0.022609375000000043
1 0.32144705889423075 0.847703125 0.03691764663461539 0.03209375
1 0.4268 0.8587656250000001 0.05807058653846147 0.056374999999999995
1 0.153388234375 0.86365625 0.03171764663461537 0.04115624999999996
1 0.07170588221153847 0.8627734375000001 0.021199999999999997 0.02279687499999998
1 0.4701529411057692 0.90409375 0.07112941105769235 0.14418749999999994
1 0.026211764423076926 0.918390625 0.04625882211538462 0.07618749999999991
1 0.2886235288461539 0.8461406250000001 0.06736470673076923 0.030562499999999996
