1 0.576375 0.6585081586538462 0.07606249999999999 0.3482051298076923
1 0.677828125 0.546317015625 0.034281250000000055 0.10228438221153843
1 0.46946875 0.5613519819711539 0.06234375 0.14531468509615392
1 0.642328125 0.5486247079326924 0.04359374999999998 0.09944056009615387
1 0.8066875 0.591608391826923 0.05403124999999994 0.224848485576923
1 0.9035390625 0.5219347307692307 0.019046874999999977 0.038461538461538464
1 0.9609765625000001 0.6938811189903847 0.07804687499999993 0.40020979086538466
1 0.536390625 0.5357808858173077 0.0438125 0.07785547836538462
1 0.9265546874999999 0.5953496502403847 0.03979687499999999 0.18151515144230773
1 0.8484375000000001 0.6010955709134616 0.04640625000000002 0.23114218990384613
1 0.8866171875000001 0.5829370625 0.031640624999999915 0.1772494182692307
1 0.9591171875 0.5322960372596154 0.04045312499999991 0.09885781009615388
