1 0.6319921875 0.27085492307692305 0.07107812499999994 0.5136269423076923
1 0.51834375 0.2584196899038462 0.06493750000000002 0.4320725384615385
1 0.44965625000000004 0.30740932692307693 0.04362499999999999 0.4435233173076923
1 0.9138671875000001 0.2736787560096154 0.04307812500000001 0.5364766850961538
1 0.22588281250000003 0.290803109375 0.04185937500000003 0.35145077644230766
1 0.8135078125 0.1188860108173077 0.055765625000000055 0.20751295432692307
1 0.57740625 0.24663212499999998 0.05993749999999999 0.4699481875
1 0.4781796875 0.2942746117788462 0.03401562499999999 0.4431606225961539
1 0.35000000000000003 0.27849740865384615 0.053124999999999985 0.453367875
1 0.7668984375000001 0.3482124350961539 0.19245312499999997 0.6022279807692308
1 0.1751484375 0.30119170913461535 0.017609375000000014 0.18715025961538462
1 0.2638359375 0.2885751298076923 0.03435937500000002 0.3615025913461538
