1 0.5905078125000001 0.47104166706730766 0.038171875000000015 0.09716666586538455
1 0.5284765625 0.4422395841346154 0.037265625 0.037437500000000026
1 0.48707031249999994 0.4563958329326923 0.04626562499999999 0.06829166586538463
1 0.3460546875 0.4613020841346154 0.438328125 0.9206875000000001
1 0.800859375 0.43553125000000004 0.017437499999999908 0.02856250000000001
1 0.8544218749999999 0.4645 0.015906250000000045 0.06800000000000003
1 0.7449453125 0.462125 0.024234375000000013 0.06829166826923078
1 0.7765859375 0.44309375 0.024265625000000093 0.061437499999999985
1 0.4368671875 0.4619791670673077 0.05054687499999994 0.08045833413461537
1 0.9947734374999999 0.45792708293269235 0.010453125000000004 0.06889583413461536
1 0.4542109375 0.46607291586538463 0.03026562500000005 0.06006249999999998
1 0.6548359374999999 0.46633333413461536 0.026921875 0.06874999999999999
1 0.9155468749999999 0.4587916670673077 0.024875000000000033 0.07045833413461537
