1 0.5399921875 0.34796875 0.21585937500000002 0.32289583173076924
1 0.484796875 0.1159895829326923 0.1891875 0.22972916586538458
1 0.17147656249999998 0.32442708293269235 0.212640625 0.3996458341346154
1 0.5117031249999999 0.6102708341346154 0.20459375000000005 0.37362499999999993
1 0.270671875 0.11325 0.229625 0.22445833173076923
1 0.077609375 0.10151041706730769 0.15521875 0.20302083413461539
1 0.922296875 0.2713958341346154 0.15540625 0.36937500000000006
1 0.19724999999999998 0.7673125 0.2685 0.465375
1 0.7462812499999999 0.1745 0.21534375000000006 0.34158333173076927
1 0.122921875 0.049708332932692306 0.04184374999999999 0.040166665865384615
1 0.42859375000000005 0.1281354170673077 0.10456250000000004 0.2107708341346154
