1 0.9556875 0.45270833413461536 0.049812500000000086 0.07612499999999994
1 0.81571875 0.037052082932692305 0.014781250000000003 0.03727083413461539
1 0.87753125 0.5707708341346154 0.07246875000000011 0.10662500000000005
1 0.8409296875 0.5685833329326923 0.04885937500000008 0.10479166586538462
1 0.8820234374999999 0.4899583341346154 0.03904687499999996 0.07112499999999998
1 0.91775 0.4918958341346154 0.04606250000000008 0.08650000000000002
1 0.9747421875 0.60878125 0.050515624999999995 0.09310416826923078
1 0.9836640625 0.41421874999999997 0.03267187499999999 0.06389583173076925
1 0.072609375 0.13825 0.14521875 0.2765
1 0.9504609375 0.39607291706730763 0.019671874999999953 0.028354165865384615
1 0.947921875 0.36334375 0.03340624999999998 0.031770831730769236
1 0.9630703125 0.5351979170673077 0.02960937499999999 0.05602083413461537
1 0.4860390625 0.51515625 0.972078125 0.9428541682692309
1 0.5 0.4987980769230769 0.9963942307692307 0.9975961538461539
