1 0.28677824278846153 0.9443046875 0.15635983173076926 0.10601562500000004
1 0.08470711298076922 0.9421718749999999 0.1275313798076923 0.11565625
1 0.740115063701923 0.9162265625000001 0.19056485336538456 0.167546875
1 0.054100418269230774 0.8597421875 0.022803346153846153 0.03576562499999994
1 0.03362970793269231 0.8595703124999999 0.022866108173076924 0.02670312499999998
1 0.8539016730769231 0.8950078125 0.04788702884615394 0.1000468749999999
1 0.42024058533653846 0.9281874999999999 0.05985355528846154 0.1413125
1 0.48751046033653844 0.9340312500000001 0.09326359855769234 0.13193750000000007
1 0.8979497908653845 0.8991875 0.047824269230769136 0.10928125000000002
1 0.3553451875 0.9084921875 0.06152719711538462 0.1472968749999999
1 0.23147489543269228 0.881359375 0.026924685096153825 0.06775000000000006
1 0.5620711298076924 0.9486640625 0.07518828365384621 0.102671875
1 0.6744874483173078 0.8976953124999999 0.04650627644230768 0.057328125
1 0.48677884615384615 0.8713942307692307 0.96875 0.08774038461538461
