1 0.1552734375 0.6874707608173077 0.05645312499999999 0.13008771875
1 0.3360078125 0.2734941514423077 0.030546875000000025 0.1935964903846154
1 0.5059921875 0.28956140384615386 0.04232812499999998 0.18631578846153846
1 0.396796875 0.2831578954326923 0.044656249999999995 0.19239766105769232
1 0.4216640625 0.22615497115384614 0.02254687500000002 0.10476608173076923
1 0.8103046875 0.6282017548076924 0.034359374999999984 0.1591520480769231
1 0.6033359375 0.291652046875 0.03210937499999997 0.17663742548076922
1 0.6488125 0.3084064326923077 0.04350000000000001 0.13997075961538458
1 0.7635390625 0.5938450288461539 0.027015625000000106 0.19856724999999997
1 0.366078125 0.23736842187499999 0.031062500000000062 0.08508771875000003
1 0.291375 0.23116959014423077 0.02281249999999999 0.08923976682692306
1 0.31165625 0.22875731009615383 0.029843750000000016 0.1075146201923077
1 0.269921875 0.23257309855769231 0.025499999999999974 0.08502924038461537
1 0.5 0.46033653846153844 0.9939903846153846 0.59375
