1 0.38994531250000003 0.5146370024038462 0.24192187500000004 0.7635128798076922
1 0.6694375 0.652798594951923 0.22040624999999991 0.6494379399038462
1 0.2255546875 0.42919203725961536 0.02510937499999999 0.10067915625000001
1 0.14053906249999998 0.43510538581730773 0.030515624999999994 0.10149882932692307
1 0.5216640625 0.4285128810096154 0.01985937500000003 0.11449648798076922
1 0.7312500000000001 0.4427166286057692 0.04881249999999996 0.17681498798076925
1 0.89196875 0.4400936766826923 0.06453124999999993 0.1505386418269231
1 0.9261718750000001 0.4200702572115385 0.032937499999999995 0.14590163942307688
1 0.5105078125 0.40544496514423073 0.013296874999999986 0.029110069711538476
1 0.7625390625 0.44881733052884615 0.026765625000000008 0.07140515144230769
1 0.20907031250000002 0.4618618269230769 0.050953125 0.17435597115384616
1 0.1719140625 0.45879391105769235 0.02839062499999998 0.1864871201923077
