1 0.15371093749999998 0.7301405144230769 0.027921874999999978 0.08566744711538458
1 0.124625 0.7470725985576923 0.02225 0.054098360576923014
1 0.43400781250000003 0.7273536298076924 0.028171875000000027 0.10257611057692315
1 0.261625 0.6820257608173077 0.07646875000000002 0.3662997668269231
1 0.7196953125 0.7518032788461538 0.013859375000000075 0.04749414423076924
1 0.8335234375 0.7371662764423076 0.02614062500000003 0.09025761057692308
1 0.756609375 0.7471662764423078 0.019375000000000007 0.06932084134615384
1 0.6235390625 0.7384894615384615 0.03182812499999999 0.08592505769230768
1 0.9051640625 0.7536416862980769 0.01829687499999995 0.06386417067307694
1 0.59071875 0.7573653401442308 0.014593749999999996 0.026112411057692242
1 0.99134375 0.746580796875 0.017187499999999946 0.07943793990384612
1 0.3043125 0.7468266971153845 0.017437500000000012 0.027704918269230723
1 0.706484375 0.7569672139423077 0.006593749999999988 0.028688524038461474
1 0.4963942307692308 0.7295673076923077 0.953125 0.12860576923076922
