1 0.26725 0.8443645829326922 0.14506249999999998 0.3112708341346154
1 0.8923046875 0.7765208329326924 0.08407812499999998 0.2205416658653845
1 0.566609375 0.7568854158653846 0.0618125 0.14681250000000004
1 0.49067187500000004 0.7245416670673077 0.029375 0.10516666586538456
1 0.175359375 0.7023958329326923 0.03584375 0.06529166586538465
1 0.6154296875 0.7350416670673077 0.05926562500000003 0.09429166586538457
1 0.37422656249999997 0.7405520829326924 0.027046874999999984 0.11202083413461536
1 0.0779140625 0.70915625 0.022890624999999994 0.05752083173076928
1 0.430640625 0.7533333329326923 0.0414375 0.14808333413461539
1 0.5910390625 0.8714270841346153 0.1844218750000001 0.23418750000000005
1 0.37483593750000005 0.6783020829326923 0.008109375000000018 0.015270834134615377
1 0.39832031250000005 0.74065625 0.04095312500000004 0.16718749999999988
1 0.5300480769230769 0.7872596153846154 0.9026442307692307 0.27884615384615385
