1 0.2591875 0.44210093870192313 0.12200000000000003 0.3728403774038461
1 0.7074296875 0.4528169014423077 0.06232812499999996 0.18098591346153842
1 0.6065078125000001 0.4120539903846154 0.019640624999999943 0.061525822115384605
1 0.58390625 0.4643075108173077 0.02928124999999996 0.15199530528846156
1 0.5463125 0.4565023473557692 0.03690625000000002 0.1719248822115385
1 0.5159296875 0.46821596274038463 0.030796874999999987 0.1437558677884615
1 0.4861796875 0.46510563341346156 0.030828125 0.15194835817307695
1 0.82490625 0.46473004687499997 0.03381250000000007 0.12382629086538464
1 0.8011640625 0.4614906105769231 0.019953125 0.06612675961538464
1 0.3514296875 0.4014906105769231 0.08326562500000005 0.2322300480769231
1 0.43278124999999995 0.4560680757211538 0.027843749999999997 0.12636150240384614
1 0.9662343750000001 0.49017605649038465 0.038125000000000034 0.11603286298076927
1 0.7066953124999998 0.3891549290865384 0.03526562500000001 0.07699530528846153
1 0.5 0.44591346153846156 0.9963942307692307 0.21634615384615385
