1 0.2696640625 0.6277187500000001 0.31685937499999994 0.7258541682692308
1 0.055695312500000003 0.5079166658653846 0.10432812500000001 0.29675
1 0.10429687500000001 0.45678125 0.0905625 0.23918749999999994
1 0.426140625 0.45173958413461535 0.13571875 0.2645625
1 0.5141953125 0.4406041670673077 0.06482812500000001 0.22670833413461539
1 0.8102578125 0.3830104170673077 0.052359375000000125 0.10752083413461538
1 0.6610937499999999 0.35634375 0.021406249999999936 0.06172916826923073
1 0.073015625 0.39023958293269234 0.038187500000000006 0.09597916586538463
1 0.8497968749999999 0.3770833341346154 0.03915625000000011 0.09812499999999999
1 0.8949218750000001 0.6744791658653846 0.20546874999999992 0.6468750000000001
1 0.6934296875000001 0.38720833413461536 0.03757812499999998 0.10175000000000001
