1 0.1807890625 0.7368501165865384 0.03654687500000001 0.19463700240384618
1 0.630609375 0.4968384074519231 0.042656250000000014 0.10562060817307693
1 0.9130625 0.7244496490384615 0.07799999999999994 0.2221545673076923
1 0.7227890625 0.7871545673076923 0.15326562500000007 0.4054098365384615
1 0.286796875 0.5236885240384616 0.05684375000000001 0.14002341826923076
1 0.6676796875 0.5063466045673077 0.036734375000000125 0.08576112259615384
1 0.702921875 0.5102576117788462 0.02321874999999998 0.08224824278846149
1 0.9859531250000001 0.4542271670673077 0.027499999999999993 0.06911006971153845
1 0.9819609375000001 0.42029273918269233 0.03260937499999997 0.08391100721153841
1 0.031656250000000004 0.4142622944711539 0.020125 0.05882904086538462
1 0.0323984375 0.37250585456730767 0.040109374999999996 0.08908665144230768
1 0.052273437500000006 0.37247072596153846 0.012546875 0.025550350961538425
1 0.68571875 0.5136182668269231 0.017843750000000005 0.0722014038461538
