1 0.3744140625 0.5675626213942307 0.05479687500000001 0.24549132932692308
1 0.6802812500000001 0.5522543353365384 0.05006250000000005 0.16080924759615384
1 0.74978125 0.5642967247596155 0.06400000000000006 0.16882466105769234
1 0.9014453125 0.4320038533653846 0.010359375000000033 0.025549134615384644
1 0.7304140625000001 0.3968689783653846 0.007890624999999929 0.02337187019230771
1 0.32210937500000003 0.43616570432692303 0.006218749999999973 0.016377649038461506
1 0.19479687500000004 0.4834393064903846 0.03846875 0.02818882451923077
1 0.450828125 0.409865125 0.007093750000000052 0.01826589423076924
1 0.7163906250000001 0.4870423894230769 0.01009375000000003 0.03859344711538458
1 0.7374921874999999 0.4845183040865385 0.011234375000000112 0.02737957451923078
1 0.9246015625 0.3890173401442307 0.0033593750000000876 0.010096338942307676
1 0.43940625 0.4139306358173077 0.007624999999999993 0.013294795673076966
1 0.754984375 0.39248554927884616 0.0036874999999999803 0.019730252403846158
1 0.3762019230769231 0.42427884615384615 0.40625 0.0985576923076923
