1 0.2848671875 0.42247072596153845 0.14092187499999997 0.5168384086538461
1 0.49172656249999996 0.2959601875 0.029578124999999976 0.13697892307692308
1 0.73390625 0.4662880552884615 0.26537499999999997 0.928079625
1 0.37928906249999994 0.3719789230769231 0.06598437499999993 0.2641920384615385
1 0.5866484375 0.3441451995192307 0.08932812499999997 0.35189695673076926
1 0.158703125 0.5377166286057692 0.14203125 0.6087353629807692
1 0.114953125 0.5962880564903846 0.22990625 0.8074238870192307
1 0.5199609374999999 0.34295081971153846 0.062265625000000005 0.3224355961538462
1 0.9094140624999999 0.4982669795673077 0.181171875 0.99451990625
1 0.8637421874999999 0.22860655769230767 0.056359374999999955 0.20208430769230767
1 0.435546875 0.36195550240384616 0.06446875000000005 0.3415690865384615
1 0.33957031249999997 0.3358313822115384 0.033890625 0.11578454326923077
1 0.46846875000000004 0.3238056201923077 0.026656249999999996 0.2170257596153846
