1 0.31701201201923074 0.9239299999999999 0.025195197115384572 0.06993999999999996
1 0.1963213221153846 0.93764 0.05864864903846152 0.07856000000000006
1 0.6537987980769231 0.92085 0.022072072115384492 0.05969999999999997
1 0.6951051057692308 0.92316 0.026486485576923038 0.0634000000000001
1 0.8082732728365385 0.9284 0.039489487980769164 0.0686
1 0.6421021021634616 0.9358299999999999 0.036576574519230715 0.06945999999999995
1 0.5951651646634615 0.91625 0.014714713942307679 0.04889999999999999
1 0.7498798798076922 0.9049599999999999 0.014534533653846101 0.04408000000000005
1 0.4008858858173077 0.9274899999999999 0.027417415865384598 0.06754000000000009
1 0.4334084074519231 0.91557 0.02591591586538464 0.05969999999999997
1 0.3399099098557692 0.92906 0.024204204326923086 0.06667999999999999
1 0.92846846875 0.90843 0.02240240384615378 0.01678
1 0.3801051045673077 0.9408900000000001 0.024594593749999973 0.06394000000000001
1 0.5072115384615384 0.9314903846153846 0.9795673076923077 0.13341346153846154
