1 0.38174 0.47528 0.4028 0.9235733317307692
1 0.7712899999999999 0.5137066670673077 0.27425999999999995 0.9458666658653847
1 0.18033 0.5656133329326923 0.19214 0.8404533341346153
1 0.9257299999999999 0.43004 0.14854 0.7926666682692307
1 0.04106 0.57096 0.08212 0.8524799999999999
1 0.10489 0.17104000000000003 0.0693 0.14773333173076925
1 0.6682600000000001 0.46179999999999993 0.16012000000000004 0.86968
1 0.50515 0.19825333293269232 0.04158 0.1285066658653846
1 0.45361999999999997 0.1369066658653846 0.03464000000000004 0.0624
1 0.47158 0.2610533329326923 0.09428000000000002 0.17597333413461536
1 0.85801 0.20249333413461537 0.06073999999999995 0.24519999999999997
1 0.51456 0.11957333293269232 0.016360000000000048 0.030293334134615383
1 0.58372 0.3922533329326923 0.1141599999999999 0.6609333341346153
