1 0.5150078124999999 0.6101170961538462 0.44829687499999993 0.7797658076923076
1 0.9346718749999999 0.5576346610576923 0.0559687499999999 0.15747072596153855
1 0.1697109375 0.27058547956730766 0.043171875 0.07231850240384616
1 0.33915625 0.2803278689903846 0.060937500000000054 0.11292740144230767
1 0.8373828125 0.5850234182692308 0.07901562499999998 0.10747072596153852
1 0.28433593749999997 0.3441686177884616 0.064359375 0.13072599519230768
1 0.6178671874999999 0.26697892307692306 0.05807812500000003 0.09723653365384617
1 0.5534296875 0.14078454326923076 0.06514062500000001 0.15412177884615386
1 0.3786328125 0.6067447307692307 0.08079687500000002 0.07864168750000002
1 0.095703125 0.3900468377403846 0.0544375 0.09789227163461539
1 0.229671875 0.4322950817307692 0.0594375 0.1653395769230769
1 0.038265625 0.46223653485576927 0.05909375000000001 0.1352459014423077
1 0.8136328125 0.5182669795673077 0.06432812499999994 0.09836065624999996
1 0.4987980769230769 0.34975961538461536 0.9975961538461539 0.6995192307692307
