1 0.7422823533653846 0.9049453125 0.41665882211538463 0.19010937500000005
1 0.8388352944711539 0.8716875000000001 0.32232941105769236 0.25662499999999994
1 0.7371764699519231 0.7386015625 0.5231058822115384 0.2099218750000001
1 0.7800352944711537 0.6830703124999999 0.15950588221153844 0.08448437500000007
1 0.7622470588942307 0.606234375 0.41588235336538454 0.3941875000000001
1 0.8028705889423077 0.4918515625 0.20658823557692302 0.253703125
1 0.830388234375 0.44962499999999994 0.2657176466346154 0.40393749999999995
1 0.22492941105769232 0.5561875 0.37362352884615385 0.56709375
1 0.7292470588942308 0.11348437500000001 0.22672941105769231 0.22246875
1 0.8049176466346153 0.27416406249999997 0.25924705769230777 0.20345312499999998
1 0.9307176466346154 0.14175000000000001 0.13856470673076926 0.17575
1 0.5871176466346154 0.26292187499999997 0.16581176442307688 0.26515625
1 0.6831058834134615 0.30528124999999995 0.0799058822115384 0.21015625
