1 0.13096 0.6083529411057692 0.023232000000000006 0.09557646874999996
1 0.057096 0.6525999999999998 0.022384 0.11564705769230767
1 0.09164000000000001 0.46281176562500004 0.015600000000000006 0.056917646634615376
1 0.47632 0.5958705877403846 0.043103999999999996 0.09254117548076916
1 0.582728 0.5651058822115385 0.024496000000000004 0.09063529326923071
1 0.45246400000000003 0.4167529411057692 0.015072000000000042 0.061082353365384603
1 0.11541599999999999 0.7027529423076924 0.033232 0.12000000000000004
1 0.36437600000000003 0.8941529411057693 0.04923200000000001 0.15734117548076926
1 0.410864 0.4039176466346154 0.021983999999999986 0.06421176442307687
1 0.859528 0.6987411766826923 0.028272000000000092 0.12708235336538465
1 0.8821999999999999 0.6921058822115385 0.03144000000000005 0.12279999999999994
1 0.149592 0.6971058834134616 0.032368 0.1272941177884616
1 0.114248 0.5778117644230769 0.024495999999999987 0.08875294230769229
1 0.8990384615384616 0.8449519230769231 0.08052884615384616 0.3016826923076923
