1 0.3575859375 0.5809016394230769 0.36732812499999995 0.6269555048076924
1 0.19117187500000002 0.21276346634615384 0.06371875000000002 0.1316627644230769
1 0.8058984374999999 0.2843442620192308 0.08626562500000003 0.11674473076923078
1 0.344 0.2076814987980769 0.05565624999999998 0.13672131009615385
1 0.906328125 0.5865222487980769 0.0824687499999999 0.1707962524038461
1 0.5101562500000001 0.5608079615384616 0.12471875000000002 0.19145199038461544
1 0.5339765625 0.1431850108173077 0.08060937500000001 0.15306791586538462
1 0.6008359375 0.21585480048076924 0.061578124999999935 0.22327868749999996
1 0.7378046875 0.22266978966346151 0.08729687499999997 0.14327868990384612
1 0.7271640625 0.28651053846153846 0.0959531250000001 0.11011709615384611
1 0.6608906250000002 0.6172833725961537 0.0319375 0.04206088942307694
1 0.30379687499999997 0.1482318497596154 0.0769375 0.15327868990384616
1 0.6995390625 0.1777049170673077 0.07326562499999999 0.12585480048076922
1 0.24639423076923078 0.34375 0.4855769230769231 0.6646634615384616
