1 0.45812499999999995 0.7707764711538462 0.10146874999999997 0.4269647067307692
1 0.840953125 0.7224352932692307 0.050406250000000125 0.18280000000000002
1 0.48353906249999995 0.6077647055288462 0.043734375 0.10508235336538468
1 0.5358671875 0.6144705877403847 0.045171874999999966 0.10310588221153844
1 0.6567109375 0.615576469951923 0.04895312500000005 0.09774117548076913
1 0.7065 0.6213411766826922 0.029250000000000016 0.08296470432692302
1 0.7767812499999999 0.6272588233173076 0.05528125000000003 0.09263529567307692
1 0.8019062499999999 0.607423530048077 0.031062499999999924 0.12971764663461544
1 0.634609375 0.5787411754807692 0.016500000000000077 0.034611764423076924
1 0.9494062499999999 0.6592000000000001 0.03787500000000007 0.043341177884615334
1 0.843328125 0.6290705889423076 0.06703124999999997 0.09560000000000006
1 0.89865625 0.629 0.04384375000000008 0.1056235288461538
1 0.028234375 0.6722 0.05212499999999999 0.25465882211538465
1 0.7307692307692307 0.6141826923076923 0.3713942307692308 0.15504807692307693
