1 0.552328125 0.534834905048077 0.2679687499999999 0.5708018870192308
1 0.2694609375 0.6572995288461538 0.22926562499999997 0.38875
1 0.19605468750000002 0.051450471153846156 0.08951562499999999 0.10290094230769231
1 0.17919531249999998 0.29156839663461537 0.08179687499999999 0.28021226442307695
1 0.29785937500000004 0.28712264182692304 0.062374999999999986 0.09792452884615381
1 0.7938046875 0.3141863209134615 0.05670312500000003 0.1373820745192308
1 0.7259375 0.30817216947115383 0.07756249999999991 0.17379717067307693
1 0.062468749999999997 0.5897995288461538 0.12493749999999999 0.5315330192307693
1 0.102765625 0.2628773581730769 0.10803125000000001 0.18716981249999998
1 0.38222656250000003 0.2868514158653846 0.08142187499999999 0.09313679326923077
1 0.6163515625 0.04719339663461539 0.059546875000000006 0.09438679326923077
1 0.643328125 0.26281839663461537 0.11015624999999997 0.27379716826923073
1 0.5799296875 0.2710377367788462 0.04120312500000001 0.08212264182692312
1 0.5120192307692307 0.20432692307692307 0.9723557692307693 0.4074519230769231
