1 0.348875 0.9105520841346154 0.07753124999999997 0.1460625
1 0.9420078125 0.8071979170673077 0.030546874999999956 0.04397916586538468
1 0.9670703125 0.8064479170673077 0.03732812500000002 0.06335416586538468
1 0.7327343749999999 0.8310624999999999 0.038656250000000045 0.10712500000000005
1 0.7844687500000002 0.7922708329326924 0.0366875 0.10229166586538464
1 0.5040703124999999 0.9107604170673077 0.04995312499999997 0.1665208341346154
1 0.6525 0.8499270829326924 0.031062500000000062 0.12510416586538467
1 0.6114140625 0.8321979170673076 0.031046874999999953 0.04914583413461548
1 0.504171875 0.78171875 0.02637499999999995 0.08206250000000008
1 0.34590624999999997 0.79196875 0.02365625000000002 0.09218750000000006
1 0.1117265625 0.7429375 0.007765624999999998 0.04795833173076926
1 0.41043750000000007 0.78721875 0.01628124999999999 0.07535416826923089
1 0.3938203125 0.8023333329326922 0.019046874999999977 0.0892916658653846
1 0.48677884615384615 0.8064903846153846 0.8954326923076923 0.21634615384615385
