1 0.177984375 0.6891041658653846 0.01193750000000002 0.04099999999999996
1 0.0469375 0.6893020829326922 0.0215625 0.051395834134615424
1 0.019125 0.6877500000000001 0.01021875 0.05124999999999998
1 0.8161328125 0.6886354170673077 0.016578125000000006 0.0213541658653846
1 0.9720156249999999 0.6869062499999999 0.011687499999999918 0.03018749999999998
1 0.5144843750000001 0.6703645829326923 0.004312500000000026 0.016854165865384702
1 0.5828671875 0.6831875000000001 0.003171875000000012 0.02229166826923085
1 0.7307265625 0.6697291670673077 0.00595312499999997 0.0177083341346154
1 0.7046406249999999 0.6673854158653847 0.013937500000000004 0.019562499999999945
1 0.7445078125000001 0.6994895829326923 0.011984375000000004 0.0313958341346153
1 0.6226640625 0.6900208329326922 0.016765624999999947 0.0519166658653846
1 0.80015625 0.6819166670673078 0.01159374999999995 0.029833334134615495
1 0.578140625 0.6857083341346155 0.00812499999999999 0.02937499999999993
1 0.8918269230769231 0.6790865384615384 0.020432692307692308 0.037259615384615384
