1 0.5054687499999999 0.6763231850961537 0.19671875000000003 0.6473536298076924
1 0.40877343750000006 0.30542154567307694 0.015015624999999994 0.03707260096153849
1 0.609046875 0.37077283413461537 0.03393750000000006 0.05348946153846157
1 0.8029140625 0.284180328125 0.018953125000000008 0.02320843028846154
1 0.809796875 0.37738875841346153 0.02865624999999998 0.044285713942307674
1 0.6986796875000001 0.37752927403846154 0.029984375000000004 0.03594847596153846
1 0.7106953125 0.343419203125 0.023765624999999894 0.05948477644230769
1 0.24815625000000002 0.3656323185096154 0.040062499999999994 0.06302107932692308
1 0.529765625 0.3262880564903846 0.03168749999999997 0.08320843028846153
1 0.613703125 0.3232084302884616 0.017281249999999984 0.0467447307692308
1 0.8960312500000001 0.3655035132211539 0.036187500000000074 0.06496487259615383
1 0.6754140625 0.3807259951923077 0.024390625000000006 0.0395316153846154
1 0.5713828125 0.37098360697115385 0.029421874999999983 0.049836064903846185
1 0.4675480769230769 0.2548076923076923 0.9170673076923077 0.35096153846153844
