1 0.39928125 0.6897658076923078 0.04556250000000002 0.09086650961538453
1 0.731828125 0.7147540973557691 0.019249999999999955 0.04777517548076929
1 0.8817187499999999 0.782341920673077 0.051656249999999945 0.11967212980769236
1 0.1926640625 0.39437939062500005 0.24439062500000003 0.6179859495192308
1 0.6251640624999999 0.7965456670673077 0.04376562499999995 0.13243559855769232
1 0.5832265625 0.7747540973557693 0.049234375000000025 0.12548009375000005
1 0.5421562499999999 0.7794847776442307 0.05356250000000003 0.1260889927884616
1 0.38309375000000007 0.7720140516826923 0.07090624999999996 0.13400468509615385
1 0.42827343749999996 0.6832084314903847 0.021671875000000007 0.04103044471153835
1 0.3170859375 0.6587939110576924 0.025265625000000017 0.03365339423076928
1 0.16117968749999997 0.7660772836538462 0.072171875 0.11847774999999999
1 0.4380546875 0.7251053858173078 0.02139062500000003 0.04632318509615384
1 0.0745625 0.7578688521634616 0.06946875 0.1323185024038461
1 0.5949519230769231 0.8149038461538461 0.8064903846153846 0.36538461538461536
