1 0.271625 0.7376183834134615 0.1718125 0.2725069639423076
1 0.7246875 0.4014345408653846 0.07693750000000008 0.35211699038461536
1 0.841015625 0.3992757668269231 0.06884375000000002 0.2110863509615385
1 0.9228984375 0.3102785516826923 0.024890625000000072 0.09576601682692304
1 0.13674999999999998 0.34725626682692307 0.04537499999999998 0.15935933173076922
1 0.46325 0.4252785516826923 0.03403125000000003 0.25167131009615384
1 0.8864375000000001 0.30853760456730767 0.02615625000000007 0.11529247836538464
1 0.0121328125 0.3375905288461538 0.022640625000000004 0.09679665865384611
1 0.9476249999999999 0.3014902512019231 0.00846875000000006 0.04749303605769231
1 0.8606171875 0.311448467548077 0.02142187500000011 0.11231197836538459
