1 0.637953125 0.5809016394230769 0.3913125 0.6539344278846155
1 0.300265625 0.5199648713942308 0.30215624999999996 0.9351053870192307
1 0.0707890625 0.7526346610576924 0.141578125 0.49323185096153843
1 0.139421875 0.6986182668269231 0.27884375 0.6027634663461539
1 0.0899296875 0.25261124158653847 0.09557812499999999 0.16620608894230765
1 0.20289062500000002 0.2909836069711539 0.05862500000000001 0.12370023317307693
1 0.838578125 0.5085831382211539 0.18034375000000005 0.5313583149038462
1 0.7969296874999999 0.24608899278846152 0.056265624999999986 0.09025761057692305
1 0.6286484375 0.2353864170673077 0.050546875000000005 0.06941452163461538
1 0.47054687500000003 0.3910772824519231 0.06962499999999999 0.27704918028846154
1 0.9135468749999999 0.310140515625 0.13443749999999996 0.2110538629807692
1 0.6965000000000001 0.2852927391826923 0.0640937499999999 0.18861826682692306
1 0.43506249999999996 0.25836065625 0.05271875000000003 0.1586885240384615
1 0.65625 0.36658653846153844 0.3125 0.46634615384615385
