1 0.1056484375 0.6146955492788462 0.08632812499999999 0.5213817331730769
1 0.2213125 0.6798946129807693 0.0369375 0.1895316153846154
1 0.2540078125 0.6900936766826923 0.027921874999999992 0.16177985817307686
1 0.28315625 0.6430093677884615 0.02071875 0.07346604326923074
1 0.3026328125 0.6484192031249999 0.02507812500000001 0.049812646634615376
1 0.31407031250000006 0.7141334903846153 0.026421875000000004 0.12049180288461528
1 0.384703125 0.6462646370192308 0.0215625 0.07894613461538459
1 0.4160078125000001 0.6722248233173076 0.03276562500000003 0.14187353605769226
1 0.4493828125 0.6560187355769231 0.02332812499999999 0.1032786875
1 0.584640625 0.6603747067307693 0.038156249999999975 0.16519906250000002
1 0.534875 0.6926814987980769 0.034875000000000024 0.10391100721153854
1 0.4749375 0.6676697896634616 0.021687500000000047 0.07262294951923073
1 0.3469453125 0.6512295084134615 0.022765625000000036 0.06288056009615389
1 0.5 0.5120192307692307 0.9963942307692307 0.9723557692307693
