1 0.2712529266826923 0.51884375 0.048501170673076945 0.091875
1 0.41805620552884615 0.8323515625 0.06355971875000001 0.13451562500000003
1 0.18709601802884615 0.51546875 0.026182670673076933 0.040749999999999995
1 0.22853630048076923 0.5213125 0.05697892307692308 0.08493749999999994
1 0.06255269350961538 0.516453125 0.054894612980769225 0.06899999999999995
1 0.3959250588942308 0.5255546875 0.029227165865384618 0.05976562500000003
1 0.5897540985576923 0.8288359375 0.08667447115384615 0.038703125000000026
1 0.40032786899038453 0.8955624999999999 0.09063231971153847 0.08284375000000005
1 0.14331381730769233 0.9341796874999999 0.20836065384615385 0.044609375000000014
1 0.46764637019230765 0.5317109375 0.052248245192307655 0.09292187499999997
1 0.12526932091346155 0.8393515625 0.08501170913461537 0.08426562500000004
1 0.02442622956730769 0.5161015625 0.0424355985576923 0.07945312500000003
1 0.6529156911057693 0.8454453125 0.08320843028846149 0.15892187500000007
1 0.5228365384615384 0.6538461538461539 0.9507211538461539 0.5733173076923077
