1 0.3526484375 0.6393632079326923 0.011765624999999984 0.06481131971153847
1 0.30682031249999997 0.6427948112980768 0.018328124999999994 0.07025943509615377
1 0.27822656250000005 0.6361084903846154 0.016796874999999992 0.06264150961538466
1 0.26228125 0.6438207536057692 0.022562500000000024 0.07066037740384619
1 0.23253906250000003 0.6401415096153845 0.014109375000000006 0.03853773557692296
1 0.2243046875 0.6506367920673077 0.009046874999999984 0.06537735817307691
1 0.17971875 0.6389386790865385 0.008156250000000002 0.04787735817307691
1 0.1664375 0.6250825480769231 0.01193750000000002 0.02889150961538461
1 0.3349687499999999 0.6418278305288462 0.011968750000000031 0.0610613197115384
1 0.20613281249999998 0.6400943401442307 0.005203125000000009 0.061226415865384624
1 0.8828750000000001 0.6411792451923076 0.017093749999999977 0.0777830192307692
1 0.1935703125 0.6277004723557693 0.010359375 0.029268867788461536
1 0.9340703125 0.6324646225961538 0.01954687500000004 0.09775943269230776
1 0.5504807692307693 0.6286057692307693 0.8966346153846154 0.125
