1 0.331609375 0.6009368197115385 0.01724999999999997 0.03346405288461543
1 0.3756484375 0.6025599134615385 0.023015625 0.03984749519230764
1 0.3571875 0.5978213509615384 0.012625000000000023 0.041699346153846135
1 0.39597656249999996 0.6030827896634616 0.01789062499999999 0.03540305048076928
1 0.03375 0.6217102391826923 0.01934375 0.07753812740384618
1 0.36339843749999995 0.598769063701923 0.013859375000000007 0.042679737980769177
1 0.122375 0.5926252728365384 0.01846875 0.02769063221153848
1 0.09360156249999999 0.5908169927884616 0.008421874999999988 0.022984749999999998
1 0.2544765625 0.5954357307692308 0.024671874999999985 0.03701525000000002
1 0.10842968750000001 0.5971350757211538 0.014140625 0.017625271634615435
