1 0.020749999999999998 0.6237939110576923 0.041499999999999995 0.15456674519230765
1 0.2051015625 0.6179976586538461 0.025890624999999997 0.08063231730769226
1 0.38242187499999997 0.5622248245192307 0.03603125000000001 0.0855269326923077
1 0.45484375 0.5388758786057692 0.031625000000000014 0.0909133485576923
1 0.5476171875 0.49960187379807697 0.05710937499999998 0.1805620600961539
1 0.59359375 0.5302224819711538 0.0456875 0.1545433245192308
1 0.0993125 0.6705035132211539 0.02253125000000001 0.025690867788461594
1 0.6690234375 0.46687353605769233 0.03267187500000013 0.07154566826923073
1 0.7070000000000001 0.4350117103365384 0.08921875000000003 0.2162060889423077
1 0.30425 0.5835245901442307 0.028468749999999973 0.09908665144230767
1 0.61984375 0.4765573774038462 0.026843749999999937 0.08468384134615384
1 0.9478828125000001 0.34751756490384617 0.030578125000000036 0.042014052884615384
1 0.8088984375 0.3824824350961538 0.03129687499999999 0.09395784615384617
1 0.5348557692307693 0.5060096153846154 0.9254807692307693 0.39302884615384615
