1 0.052734375 0.6335563377403847 0.042874999999999996 0.1873943677884615
1 0.0781875 0.634389671875 0.02815625 0.18957746394230762
1 0.1105234375 0.6019718305288462 0.040234374999999996 0.1540375600961539
1 0.13765625 0.5698826298076922 0.016656250000000004 0.03967136057692301
1 0.16105468750000002 0.6487323942307692 0.03042187499999999 0.2604225336538462
1 0.18645312500000003 0.6647300468749999 0.046781249999999996 0.22251173798076918
1 0.23259375 0.6258450709134615 0.058343749999999965 0.22694835817307693
1 0.26296875 0.5951525817307692 0.012593750000000011 0.06720657211538453
1 0.17524218749999998 0.5542840372596154 0.008640624999999992 0.03279342548076924
1 0.136546875 0.7042253521634615 0.05396874999999998 0.22225352163461543
