1 0.7552109375 0.5878051634615384 0.16135937499999997 0.4464553990384616
1 0.22615624999999998 0.2265140841346154 0.060375 0.11335680769230769
1 0.16235156250000002 0.2198239435096154 0.05789062499999999 0.11382629086538462
1 0.1022578125 0.23199530528846155 0.064703125 0.09901408653846157
1 0.07778125 0.18698356730769233 0.058218750000000014 0.1598826298076923
1 0.28609375 0.137769953125 0.058499999999999996 0.09539906009615384
1 0.10913281250000001 0.12773474158653847 0.056640625 0.11053990625
1 0.33378125000000003 0.31009389663461534 0.10896874999999998 0.26361502403846154
1 0.01365625 0.1242370889423077 0.02565625 0.09974178365384617
1 0.21980468749999998 0.12586854447115384 0.058078124999999994 0.11859155048076923
1 0.052187500000000005 0.11400234735576922 0.03446875 0.08589201682692306
