1 0.18662499999999999 0.5021361502403846 0.1389375 0.3260563389423077
1 0.372015625 0.5604929579326923 0.21996875000000002 0.23967136298076921
1 0.5549375 0.42883802884615385 0.21540625000000002 0.39551643269230763
1 0.42096875 0.06313380288461538 0.10025000000000002 0.12626760576923077
1 0.37636718750000003 0.10228873197115385 0.05176562500000002 0.06396713701923078
1 0.038062500000000006 0.032934272836538464 0.074875 0.0606572764423077
1 0.901828125 0.046854460336538464 0.06800000000000003 0.09230046875
1 0.2016484375 0.13266431971153847 0.05854687500000001 0.07068075000000001
1 0.1167578125 0.08720657331730769 0.08335937499999999 0.17441314663461538
1 0.176140625 0.026572770432692308 0.07112500000000001 0.053145540865384616
1 0.2535390625 0.04832159615384616 0.061328125000000004 0.09213614903846154
1 0.2888203125 0.17395539903846155 0.11064062499999999 0.3473004711538462
1 0.3503125 0.033098591346153845 0.04762499999999996 0.06436619711538462
1 0.6370192307692307 0.0673076923076923 0.7223557692307693 0.12860576923076922
