1 0.3023359375 0.7333723653846154 0.03967187500000004 0.13850117307692308
1 0.4041640625 0.7168032788461538 0.03451562499999998 0.13257611057692303
1 0.4033203125 0.6183723653846154 0.02764062499999995 0.09688524519230768
1 0.9154531249999999 0.8561241213942308 0.058843749999999966 0.08822014182692314
1 0.8617734375 0.9001405156250001 0.06454687499999998 0.10683840624999998
1 0.72784375 0.6425409843750001 0.024999999999999946 0.08559718990384621
1 0.854890625 0.6805971899038461 0.0432187500000001 0.12878220192307693
1 0.9217578125 0.6745316165865385 0.027828125000000023 0.11618267067307683
1 0.7392421875000001 0.8389695552884616 0.05132812500000005 0.07325526923076914
1 0.8834609375000001 0.6673536298076923 0.022484374999999994 0.12135831250000009
1 0.84059375 0.6622482439903846 0.02931250000000004 0.12725995432692316
1 0.7389765625000001 0.5735480096153845 0.017203124999999986 0.06517564423076923
1 0.9033593750000001 0.6801405156250001 0.024718750000000036 0.11943793990384609
1 0.5817307692307693 0.3954326923076923 0.8112980769230769 0.38461538461538464
