1 0.8464843750000001 0.5416666658653846 0.22462500000000005 0.707191201923077
1 0.7307499999999999 0.3734263954326923 0.09737499999999996 0.21967851201923078
1 0.6801406249999999 0.3493993233173077 0.09393750000000008 0.26313028605769234
1 0.6246484375 0.2592131983173077 0.06898437499999997 0.1359221658653846
1 0.493375 0.3705837560096154 0.09684374999999995 0.22197969471153847
1 0.49600000000000005 0.2672673425480769 0.06993750000000006 0.10983079567307692
1 0.5267734374999999 0.43626903605769224 0.07179687499999995 0.13642977884615382
1 0.4526953125 0.4864551598557692 0.08795312500000002 0.08282571875000001
1 0.084234375 0.4953468701923077 0.09487500000000001 0.13715736057692313
1 0.25959375 0.31326565144230767 0.08462500000000002 0.12700507692307694
1 0.7179921875 0.19663282572115384 0.07470312500000002 0.12358714182692307
1 0.5846015625000001 0.34086294350961543 0.10801562499999996 0.24710659855769232
1 0.2577109375 0.22453468629807694 0.04226562499999999 0.07072757932692308
1 0.33413461538461536 0.3557692307692308 0.625 0.28125
