1 0.436 0.591978923076923 0.22440625000000003 0.7945901634615384
1 0.220875 0.5593676814903846 0.1431875 0.7579859495192307
1 0.7761328125000001 0.5945901634615385 0.14876562500000004 0.7364871201923078
1 0.59240625 0.3153161598557693 0.04506249999999996 0.12501170913461537
1 0.5400468749999999 0.3716042151442308 0.03168749999999997 0.23519906490384615
1 0.8814375 0.35784543389423074 0.06259374999999998 0.19798594951923076
1 0.949265625 0.34017564423076924 0.036187499999999935 0.08676814903846154
1 0.8561484374999999 0.3475526923076923 0.025828124999999903 0.18409836057692308
1 0.8143906249999999 0.31745901682692307 0.010062500000000085 0.023629975961538444
1 0.629578125 0.5363466045673076 0.10599999999999994 0.6609367668269231
