1 0.42114999999999997 0.6491363629807693 0.028900000000000012 0.1642121201923077
1 0.69551 0.5734393942307693 0.059980000000000026 0.1420909086538462
1 0.34260999999999997 0.6494393942307692 0.0445 0.20675757692307695
1 0.45949 0.658348485576923 0.04745999999999999 0.15996969711538453
1 0.65462 0.6088030300480769 0.03279999999999994 0.07421212259615377
1 0.56358 0.5682121213942307 0.044000000000000004 0.1290909110576923
1 0.2106 0.627045454326923 0.04112 0.13984848557692303
1 0.39847999999999995 0.6060454543269231 0.023880000000000054 0.05966666826923079
1 0.29939 0.5952878786057693 0.04322000000000002 0.0497878774038461
1 0.37356 0.6086969699519231 0.02724 0.10454545432692305
1 0.49129 0.5985454543269231 0.021419999999999995 0.0629090913461538
1 0.23656999999999997 0.5939393942307691 0.027419999999999983 0.08018181730769225
