1 0.7839765625 0.5754439254807692 0.14007812500000008 0.7027102788461538
1 0.37128125 0.5687733641826923 0.191125 0.2476869158653846
1 0.0399609375 0.6328504675480768 0.079921875 0.23869158894230763
1 0.9658281249999999 0.37223130769230767 0.02218749999999991 0.12922897115384613
1 0.2914921875 0.3447196262019231 0.045765625 0.09976635336538461
1 0.38010937499999997 0.35182243028846155 0.04996875000000001 0.11700934615384616
1 0.2889921875 0.30420560697115384 0.04114062499999998 0.06383177644230766
1 0.9499453125 0.13408878485576922 0.038671874999999946 0.0554672908653846
1 0.938296875 0.3386214963942307 0.0449374999999999 0.13331775721153843
1 0.6625234374999999 0.6254556069711538 0.15942187500000002 0.42095794471153847
