1 0.17278125000000003 0.34676041706730776 0.006218750000000008 0.026729165865384645
1 0.39889843750000004 0.347125 0.01420312499999994 0.04812499999999996
1 0.351578125 0.3421145841346153 0.009468749999999982 0.011312499999999974
1 0.28159375 0.3477083341346154 0.01356249999999999 0.02450000000000002
1 0.26603906250000003 0.34771875 0.013859375000000007 0.025229168269230735
1 0.2523515625 0.34040624999999997 0.011453124999999996 0.010645831730769214
1 0.2171171875 0.3436145829326923 0.008640624999999992 0.016854165865384633
1 0.2055 0.34209375000000003 0.006874999999999998 0.01931249999999998
1 0.292796875 0.3474583329326923 0.011593750000000017 0.02683333413461538
1 0.2593984375 0.3410104158653846 0.0061093749999999985 0.011437499999999955
1 0.372125 0.35214583413461537 0.009593749999999965 0.04300000000000001
1 0.1175703125 0.3407395841346154 0.009515625000000002 0.014187499999999967
1 0.19946093750000002 0.34418750000000004 0.006953124999999996 0.011500000000000048
1 0.23317307692307693 0.35216346153846156 0.3954326923076923 0.11298076923076923
