1 0.7124531249999999 0.6886875000000001 0.06671875 0.3647083317307693
1 0.6472265625000001 0.73365625 0.10789062499999999 0.3854791682692308
1 0.4820234375 0.7614270829326923 0.11798437500000002 0.3910208341346154
1 0.939453125 0.5408125 0.052968749999999926 0.2234583317307692
1 0.41713281249999995 0.77978125 0.08595312499999998 0.35056249999999994
1 0.3104140625 0.5734479158653846 0.05142187500000002 0.1655625
1 0.5863750000000001 0.7387916670673077 0.07537500000000005 0.3812083341346154
1 0.21945312499999997 0.5833125 0.030124999999999992 0.1514166682692308
1 0.574875 0.48046875 0.01865624999999999 0.02918749999999999
1 0.89790625 0.5361041670673077 0.043937500000000046 0.20179166586538463
1 0.7815 0.6839270829326923 0.08381249999999997 0.3511041658653846
1 0.980984375 0.5756249999999999 0.038031250000000065 0.24399999999999997
1 0.11815624999999999 0.6527708329326922 0.09031250000000002 0.21133333413461533
1 0.5540865384615384 0.5168269230769231 0.8858173076923077 0.2536057692307692
