1 0.348421875 0.6199583329326923 0.06668750000000004 0.24583333413461542
1 0.867453125 0.6323854158653845 0.06109374999999991 0.2539374999999999
1 0.378 0.45453124999999994 0.03887499999999999 0.16531250000000003
1 0.2977421875 0.43453125 0.041421874999999955 0.12477083173076921
1 0.11592187500000001 0.6599375 0.19112500000000002 0.49766666826923084
1 0.5925859375000001 0.6796041670673076 0.103171875 0.15154166586538456
1 0.3333515625 0.4289583329326923 0.051578125000000016 0.12691666586538464
1 0.24127343750000002 0.47645833413461536 0.039390625 0.21037499999999998
1 0.22496093749999999 0.47890625 0.051046875000000005 0.21981250000000002
1 0.1570625 0.5643541658653846 0.052 0.31975000000000003
