1 0.891890625 0.1542708329326923 0.08446875000000002 0.29279166586538463
1 0.5447968750000001 0.1831354170673077 0.0835625 0.24414583413461538
1 0.5988828125 0.16235416706730768 0.06960937499999996 0.23291666586538465
1 0.723328125 0.16162500000000002 0.08896875000000005 0.2727916682692308
1 0.18764843750000001 0.2631145829326923 0.05717187500000001 0.40135416586538464
1 0.1236796875 0.2841875 0.125953125 0.5049166682692308
1 0.0537109375 0.26828125 0.09964062500000001 0.43552083173076916
1 0.0287265625 0.3244270841346154 0.057453125 0.3954375
1 0.2619609375 0.1723125 0.04454687500000002 0.18454166826923074
1 0.353140625 0.14125 0.16815625 0.27354166826923076
1 0.4397109375 0.18653125 0.11142187499999998 0.2772291682692308
1 0.5663671874999999 0.07964583413461537 0.03579687499999995 0.0895
1 0.9599062500000001 0.2146875 0.08018750000000001 0.35200000000000004
1 0.37259615384615385 0.2536057692307692 0.6490384615384616 0.49759615384615385
