1 0.5181015625000001 0.3856140348557692 0.251390625 0.6345363389423078
1 0.687921875 0.20679198076923078 0.20174999999999998 0.39999999999999997
1 0.8313359374999999 0.4064661646634615 0.22351562500000005 0.6234085216346154
1 0.606625 0.6876441105769231 0.3922812499999999 0.5977443605769232
1 0.041468750000000006 0.20972431129807695 0.08225 0.4180952379807692
1 0.17862499999999998 0.39213032572115386 0.2255625 0.622456141826923
1 0.720984375 0.12411027644230768 0.15109375000000005 0.23764411057692308
1 0.5870078125 0.9146115288461538 0.08685937499999999 0.1438095240384616
1 0.5849140625 0.18764411057692307 0.13029687499999998 0.37528822115384614
1 0.06318750000000001 0.48647869591346155 0.12637500000000002 0.5450375937499999
1 0.410234375 0.3358020048076923 0.23243750000000002 0.6617293221153845
1 0.5019843749999999 0.5298621550480769 0.14250000000000002 0.4935087716346154
1 0.6687812499999999 0.8311654134615385 0.2688124999999999 0.3117042596153846
