1 0.3958203125 0.7317529411057694 0.011171875000000019 0.04308235336538461
1 0.182453125 0.7434941165865384 0.017031249999999984 0.06289411778846152
1 0.1288359375 0.7795764699519231 0.020421875 0.06451764663461536
1 0.532625 0.6839647067307693 0.010468750000000044 0.017623528846153855
1 0.8647968749999999 0.7254941165865384 0.012000000000000045 0.03870588221153849
1 0.5903203125 0.6726588233173078 0.00998437500000002 0.025647060096153824
1 0.7603515624999999 0.7001058822115385 0.012859374999999947 0.05098823557692315
1 0.6470859375 0.6692117644230768 0.006953125000000098 0.024258822115384666
1 0.38475 0.7639176466346154 0.017531249999999946 0.07080000000000006
1 0.3584453125 0.7747294122596154 0.017171874999999972 0.04145882451923077
1 0.418015625 0.7006588233173078 0.010999999999999984 0.03651764663461544
1 0.573875 0.6781411766826924 0.007343750000000016 0.019105882211538534
1 0.40133593749999996 0.7094588233173078 0.008984375000000027 0.036470588942307675
1 0.47475961538461536 0.7259615384615384 0.8245192307692307 0.19471153846153846
