1 0.7444609375 0.6051995300480769 0.07957812499999993 0.1285680745192307
1 0.8151640625 0.5990140841346154 0.06329687500000002 0.0833333317307692
1 0.8682421875 0.5977347415865385 0.03914062499999993 0.12438967067307694
1 0.9564375 0.32496478966346154 0.03003124999999999 0.13964788701923075
1 0.9240624999999999 0.267769953125 0.03634374999999993 0.08737089182692309
1 0.9464843749999999 0.21488262860576926 0.030562499999999996 0.05845070432692305
1 0.6684921875000001 0.18406103365384616 0.02279687499999998 0.0839906105769231
1 0.691671875 0.19334507091346154 0.029906250000000075 0.0849530504807692
1 0.5562578125000001 0.17007042307692308 0.026609374999999942 0.08906103365384614
1 0.8411875 0.06830985937499999 0.023281250000000007 0.05629107932692307
