1 0.77734 0.5080452127403846 0.20964 0.5888563822115385
1 0.40444 0.6366090432692307 0.25420000000000004 0.35433510576923083
1 0.21917999999999999 0.569813829326923 0.27512000000000003 0.42622340384615387
1 0.06237 0.4331781911057693 0.1221 0.12130318990384611
1 0.19790000000000002 0.3428856382211538 0.1192 0.15289893509615382
1 0.09979999999999999 0.41172872355769236 0.07355999999999999 0.1682446826923077
1 0.62043 0.2683111706730769 0.12606000000000003 0.22252659615384612
1 0.56566 0.2283510637019231 0.09676000000000001 0.2347340408653846
1 0.19094999999999998 0.44263297836538457 0.07774 0.10563829807692304
1 0.69547 0.12317819110576922 0.12389999999999997 0.16582446875
1 0.18143 0.21253989423076922 0.12797999999999998 0.2800265961538461
1 0.7161700000000001 0.9269680853365384 0.18857999999999997 0.14606382932692313
1 0.9105800000000001 0.16136968149038464 0.12732000000000004 0.21167553125000002
1 0.5 0.2608173076923077 0.9963942307692307 0.5216346153846154
