1 0.402078125 0.4828922716346154 0.240875 0.5956206105769231
1 0.702421875 0.4292154567307692 0.241375 0.5842857163461539
1 0.07312500000000001 0.3605620600961539 0.1453125 0.7202341923076923
1 0.6435078125 0.266779859375 0.09632812499999997 0.4343559735576923
1 0.2401640625 0.5329391105769231 0.205203125 0.6284543317307693
1 0.4895234375 0.29163934495192306 0.11589062500000005 0.4962997668269231
1 0.17469531249999998 0.24125292788461536 0.09367187499999999 0.29131147596153845
1 0.5410312500000001 0.1102459014423077 0.05865624999999996 0.16156908653846153
1 0.9527890625000001 0.4382084314903846 0.09442187499999996 0.42695550240384617
1 0.4864921875 0.09840749399038463 0.09270312500000003 0.13826697836538462
1 0.34559375 0.2539344254807692 0.1334375 0.3370960192307692
1 0.6051015624999999 0.12056206009615386 0.06932812499999998 0.13939110096153845
