1 0.9218906249999999 0.6349063233173078 0.025906249999999967 0.09519906490384616
1 0.492875 0.6052107728365385 0.00618750000000003 0.031170959134615376
1 0.317859375 0.6182435600961539 0.011687500000000055 0.01592505769230767
1 0.37918750000000007 0.6237939110576923 0.025531250000000023 0.03798594711538455
1 0.8734062499999999 0.6191569086538462 0.018406249999999957 0.039484778846153853
1 0.8077187499999999 0.6286533954326923 0.015500000000000087 0.03173302163461534
1 0.307203125 0.6178220132211538 0.009968750000000014 0.015362997596153782
1 0.6927421874999999 0.6105035132211539 0.008546874999999989 0.01201405048076926
1 0.9431171875 0.6188641694711539 0.014828124999999987 0.01295081971153839
1 0.5429843750000001 0.6101873533653847 0.003124999999999959 0.0156440288461539
1 0.9779218749999999 0.6222014050480769 0.010437499999999962 0.016346603365384668
