1 0.32584150360576924 0.5322058822115385 0.4224673197115385 0.5033660144230769
1 0.7856454242788462 0.3306045757211538 0.11857843028846163 0.1106209158653846
1 0.9114215685096153 0.2724183016826923 0.04009804086538465 0.12741830048076924
1 0.8208415036057694 0.2346486923076923 0.04383986778846145 0.09919934615384617
1 0.1974591502403846 0.06154411778846154 0.027663396634615367 0.03825163461538461
1 0.22424019591346156 0.06270424879807693 0.02900326682692308 0.04151960817307692
1 0.27379902043269233 0.06530228846153846 0.03008169951923077 0.03808823557692308
1 0.1491666670673077 0.06172385697115384 0.03401960817307693 0.04145424759615384
1 0.1102614375 0.06486928125000001 0.04313725480769231 0.04120914903846155
1 0.17191993509615383 0.07183006490384615 0.028513072115384598 0.028366014423076923
1 0.29918300600961534 0.06773692908653847 0.023954247596153815 0.036192810096153855
