1 0.11800781249999999 0.800676328125 0.186484375 0.37613526682692316
1 0.5026796875 0.8367512079326923 0.10629687500000003 0.3264975841346154
1 0.439390625 0.8194444447115384 0.07528125000000002 0.35019323557692306
1 0.295875 0.840036231971154 0.14687499999999995 0.3199275360576923
1 0.820515625 0.8800966177884615 0.17131249999999992 0.2398067644230769
1 0.7683437499999999 0.8226328509615386 0.0442499999999999 0.189082125
1 0.6267187500000001 0.7641787439903845 0.058875000000000045 0.16613526682692312
1 0.571265625 0.7321859903846154 0.04431249999999999 0.17606280288461548
1 0.642609375 0.6769082127403846 0.03965625000000003 0.14260869471153842
1 0.9372578125 0.7404106286057692 0.03967187500000007 0.09367149759615377
1 0.977890625 0.7484661838942307 0.043937500000000046 0.09601449278846151
1 0.7394218750000001 0.823164251201923 0.0325312499999999 0.08405796875000003
1 0.9785078125000001 0.6562077295673077 0.03532812500000004 0.11159420432692303
1 0.4987980769230769 0.7680288461538461 0.9975961538461539 0.4639423076923077
