1 0.4847421875 0.6027941177884615 0.06829687499999998 0.3039705865384615
1 0.7048671874999999 0.6261764699519231 0.07064062500000003 0.2727450985576923
1 0.13090625 0.28789215625 0.05253124999999999 0.16823529326923078
1 0.5941640625000001 0.2787009807692308 0.044578124999999996 0.07813725480769232
1 0.6290703125000001 0.29339460817307694 0.03179687500000005 0.06487745192307695
1 0.7198046875 0.29954656850961536 0.04820312499999989 0.08164215625000001
1 0.7631953125 0.30780637259615384 0.03854687500000003 0.07286764903846156
1 0.49639062500000003 0.2662990192307692 0.05875 0.10112745192307691
1 0.3751640625 0.24621323557692307 0.066828125 0.07507352884615387
1 0.2312578125 0.23264705889423076 0.055453125 0.08975490144230772
1 0.0990625 0.25067401923076926 0.05771875 0.17075980288461537
1 0.55884375 0.6454534302884615 0.13412500000000005 0.28311274519230767
1 0.055156250000000004 0.19580882451923076 0.051093749999999986 0.0843627451923077
1 0.5144230769230769 0.19230769230769232 0.96875 0.38461538461538464
