1 0.7276953125 0.5292136153846154 0.46220312500000005 0.6044835673076924
1 0.6162656249999999 0.19774647836538461 0.09871874999999995 0.38652582211538467
1 0.2557734375 0.6449530516826923 0.317109375 0.6651643197115384
1 0.38975 0.19201877884615384 0.26993749999999994 0.3840375576923077
1 0.34496875 0.06825117427884615 0.10353125000000005 0.1365023485576923
1 0.22113281250000003 0.16629107932692305 0.14145312499999999 0.3325821586538461
1 0.1453359375 0.0647769951923077 0.05654687500000001 0.1295539903846154
1 0.35524218750000003 0.14382629086538462 0.20492187500000003 0.28314553846153845
1 0.6445468750000001 0.40107981249999997 0.34925 0.42431925
1 0.0259375 0.17666666706730771 0.04878125 0.2576056322115385
1 0.0838515625 0.22338028125 0.160796875 0.4467605625
