1 0.1262890625 0.5594248822115385 0.031421875 0.05589201923076924
1 0.09138281250000001 0.5626056334134616 0.021921875000000004 0.06169014182692312
1 0.18578124999999998 0.5557981225961538 0.018968750000000013 0.07779342788461538
1 0.16811718750000001 0.6159154927884616 0.030671875000000008 0.11004694711538467
1 0.1451640625 0.5888028173076923 0.015015624999999994 0.10150234615384615
1 0.028124999999999997 0.5977816899038462 0.0285 0.13988262980769228
1 0.45649218750000004 0.6128755877403846 0.04760937500000006 0.13326291105769233
1 0.152125 0.5536032860576923 0.010062499999999983 0.026971831730769225
1 0.076171875 0.6026877932692307 0.025500000000000002 0.13157276923076924
1 0.08777343750000001 0.6171948353365384 0.013609374999999991 0.06842722836538459
1 0.055625 0.5727934278846154 0.019 0.08760563461538459
1 0.108078125 0.5587558689903847 0.02 0.053896713942307745
