1 0.7359200000000001 0.6629466670673078 0.054519999999999985 0.05394666586538454
1 0.82283 0.6854133341346154 0.07986000000000004 0.0876800000000001
1 0.9009 0.6662133329326922 0.03832000000000003 0.07066666586538463
1 0.6184499999999999 0.6743066670673077 0.044019999999999934 0.06749333413461536
1 0.77864 0.67176 0.049239999999999964 0.05098666826923083
1 0.7853400000000001 0.6585466670673076 0.016000000000000014 0.03421333413461529
1 0.93508 0.6802266670673076 0.05288000000000004 0.07997333413461541
1 0.97373 0.68048 0.03201999999999995 0.06842666826923086
1 0.66746 0.6731866670673076 0.08391999999999993 0.1126133341346154
1 0.86563 0.6845199999999999 0.05469999999999987 0.08002666826923074
