1 0.29306352524038465 0.49888 0.5076844254807692 0.83784
1 0.4788319675480769 0.5473 0.31614754086538466 0.7229599999999999
1 0.5216598365384615 0.24203999999999998 0.11840163942307697 0.16283999999999998
1 0.43622950841346153 0.17443999999999998 0.1019672139423077 0.10492
1 0.8016188521634616 0.47973000000000005 0.3967622956730769 0.8203
1 0.9418442620192308 0.30618 0.11631147596153851 0.48964
1 0.6430225408653846 0.42671 0.15538934615384614 0.4070600000000001
1 0.26901639423076923 0.056549999999999996 0.15770491826923078 0.11309999999999999
1 0.6358811466346155 0.25278 0.11180327884615379 0.14276
1 0.7809426225961538 0.1537 0.025819673076923004 0.05863999999999999
1 0.8849590168269231 0.33531 0.2300819663461538 0.53194
