1 0.7063359374999999 0.6906392692307691 0.06167187500000004 0.23452054807692305
1 0.41015625 0.6270890420673076 0.05356249999999996 0.20541095913461535
1 0.36387500000000006 0.5944977175480769 0.03337499999999997 0.1211872139423077
1 0.2507890625 0.6113127848557693 0.02951562500000002 0.11331050240384616
1 0.9201875 0.6139497716346154 0.04478125000000004 0.16812785576923073
1 0.9730703124999999 0.6186415528846154 0.04623437499999998 0.1754566201923078
1 0.8488515625 0.5693150685096153 0.01879687500000001 0.06899543509615384
1 0.611625 0.549828766826923 0.011312499999999974 0.041757990384615425
1 0.9396640625000001 0.6459817355769231 0.028859375000000097 0.1203196346153846
1 0.9902578125 0.5650228317307693 0.014484374999999917 0.05547945192307693
1 0.5999296875 0.6711415516826923 0.06057812500000001 0.2765296802884615
1 0.22663281249999997 0.5613584483173077 0.01598437500000001 0.08344748798076924
1 0.2750234375 0.5673744290865385 0.014859375 0.07401826682692306
1 0.3269230769230769 0.6418269230769231 0.6526442307692307 0.27403846153846156
