1 0.48882031249999996 0.7256812656249999 0.054296875000000015 0.2628467139423077
1 0.9201328125000001 0.7362408762019229 0.04385937500000012 0.23768856490384616
1 0.8885703125000001 0.7261678834134616 0.049640625000000056 0.1877128966346153
1 0.361578125 0.6758394158653847 0.030312499999999964 0.11678832211538456
1 0.37800781250000004 0.6771654495192307 0.017234375 0.10873479326923079
1 0.40821093750000004 0.6816788329326923 0.02254687500000002 0.10710462259615383
1 0.5495859375 0.6586618004807693 0.010890624999999975 0.07513382211538464
1 0.43022656249999996 0.6808637463942306 0.021078124999999972 0.11627737259615377
1 0.5336953125 0.6581995132211538 0.01864062500000002 0.08194647355769237
1 0.312859375 0.6459367391826922 0.012468749999999994 0.06890510817307692
1 0.42140625000000004 0.6406082728365384 0.01268749999999998 0.043163016826923147
1 0.8120468750000001 0.6539659362980769 0.010031250000000004 0.08481751682692308
1 0.5664609375 0.6591484182692308 0.01660937499999995 0.07255474519230767
1 0.16105769230769232 0.6478365384615384 0.05889423076923077 0.1045673076923077
