1 0.0439296875 0.9104918028846154 0.028859375 0.13615924999999998
1 0.1345390625 0.8211124122596154 0.018015625000000004 0.06985948317307698
1 0.1778671875 0.8260889927884615 0.026328125 0.1028571442307692
1 0.283578125 0.7552810300480768 0.015156249999999982 0.0888290408653846
1 0.339 0.6910304459134616 0.018718749999999947 0.03597189663461542
1 0.36892187499999995 0.70884075 0.019437499999999962 0.06985948557692313
1 0.283703125 0.6141100709134615 0.010187499999999999 0.051030444711538406
1 0.48127343749999996 0.652037471153846 0.01107812500000005 0.05770491826923077
1 0.1280234375 0.6525526935096154 0.019015624999999998 0.051662762019230805
1 0.6755390625 0.5488173305288462 0.009484375000000092 0.04775175721153847
1 0.225296875 0.7889110072115384 0.022093750000000006 0.0943091346153846
1 0.1925 0.7663114747596154 0.01531250000000001 0.0887353629807692
1 0.11090625 0.8925292740384616 0.03584375 0.12843091346153843
1 0.47836538461538464 0.7043269230769231 0.8485576923076923 0.4795673076923077
