1 0.58579 0.5507866658653846 0.06333999999999997 0.21864
1 0.6403800000000002 0.50012 0.020959999999999986 0.04941333173076918
1 0.6601999999999999 0.5053466670673077 0.01688000000000004 0.05869333413461538
1 0.8380799999999999 0.5222399999999999 0.024039999999999943 0.035039999999999995
1 0.88903 0.5169333329326923 0.021380000000000073 0.04165333413461539
1 0.96138 0.5215466658653847 0.026319999999999986 0.026560000000000052
1 0.93763 0.49997333293269225 0.010459999999999999 0.02554666586538466
1 0.71885 0.5505866658653846 0.02761999999999996 0.08015999999999995
1 0.9927500000000001 0.39025333413461544 0.014499999999999957 0.04776000000000004
1 0.7165400000000001 0.4494666670673077 0.023640000000000053 0.08346666586538465
1 0.37840999999999997 0.5884666658653847 0.17429999999999998 0.65272
1 0.8125099999999998 0.52332 0.02469999999999996 0.028826668269230773
1 0.5084134615384616 0.3125 0.9759615384615384 0.6237980769230769
