1 0.8047500000000001 0.5416705889423077 0.14350000000000007 0.6374117644230769
1 0.6597656249999999 0.37336470552884615 0.07424999999999994 0.21976470432692308
1 0.4290234375 0.48089411778846153 0.135796875 0.48988235096153837
1 0.098125 0.5526941177884616 0.035937500000000004 0.14242352884615384
1 0.20761718750000002 0.42043529447115385 0.015859375000000026 0.10449411778846159
1 0.2288828125 0.3780588245192308 0.016421875000000013 0.05000000000000003
1 0.21425 0.4499294122596154 0.01768750000000001 0.0883294110576923
1 0.2469140625 0.4327647067307693 0.014546875000000011 0.0584235288461538
1 0.71384375 0.4123411766826923 0.04156249999999991 0.21225882451923075
1 0.0816328125 0.5092117644230769 0.03770312499999999 0.22844705769230775
1 0.052101562500000004 0.5603882343750001 0.044046875 0.17771764663461534
1 0.858171875 0.5282 0.14524999999999993 0.6003529423076922
1 0.9905234375 0.4216470588942307 0.018953125000000008 0.09011764663461534
1 0.4987980769230769 0.4795673076923077 0.9975961538461539 0.40625
