1 0.2512890625 0.6466666670673077 0.258234375 0.2983333341346154
1 0.115859375 0.6062395829326923 0.23171875 0.3364791658653846
1 0.09551562499999999 0.3799270841346154 0.0955 0.09081250000000005
1 0.1502890625 0.1713125 0.084046875 0.11091666826923079
1 0.21583593749999996 0.11531250000000001 0.07776562499999999 0.22595833173076924
1 0.29296875 0.12659375 0.10675 0.1868125
1 0.3582890625 0.049499999999999995 0.10654687500000003 0.09899999999999999
1 0.6059921875 0.5273229170673077 0.22879687500000004 0.49110416586538463
1 0.575078125 0.13776041706730768 0.07568750000000005 0.12489583413461537
1 0.21738281250000002 0.37234375000000003 0.07726562499999999 0.09447916826923078
1 0.4426953125 0.04707291706730769 0.093984375 0.09285416586538461
1 0.44060937499999997 0.1003645829326923 0.07590625 0.08289583413461539
1 0.36628125 0.1184479170673077 0.08225000000000002 0.1763541658653846
1 0.5 0.3112980769230769 0.9963942307692307 0.6225961538461539
