1 0.3965 0.6291217800480771 0.08809375000000005 0.2318266995192308
1 0.2734921875 0.7319789218749999 0.183328125 0.4436768149038461
1 0.4810234375 0.5945433257211538 0.07404687499999997 0.19466042067307693
1 0.7998046875 0.4298009362980769 0.10439062500000008 0.27510538701923076
1 0.964796875 0.6647892271634616 0.05200000000000001 0.30765807932692313
1 0.51609375 0.5047423882211538 0.035468749999999986 0.056838406250000015
1 0.09870312500000002 0.521697891826923 0.03784375 0.047704918269230775
1 0.9325625000000001 0.5932552692307692 0.041968750000000006 0.23372365384615376
1 0.0687890625 0.5919672139423077 0.048078125000000006 0.24772833653846163
1 0.1695 0.6065925060096155 0.051156250000000014 0.2661124110576924
1 0.9918750000000001 0.6481030444711539 0.01618750000000009 0.25587821875
