1 0.499328125 0.37093886418269234 0.12703124999999998 0.5662882091346154
1 0.5835546875000001 0.2875436670673077 0.08904687500000005 0.20713973798076918
1 0.8182968749999999 0.5920305685096154 0.08199999999999992 0.31650655048076926
1 0.15325 0.38533842788461536 0.007812499999999983 0.02482532692307693
1 0.1419609375 0.3851965072115385 0.005515625000000015 0.025895197115384613
1 0.12684374999999998 0.3743013100961538 0.008375000000000004 0.02253274999999995
1 0.09765625 0.38271834014423073 0.007656250000000005 0.02967248798076927
1 0.115328125 0.38170305649038466 0.007437500000000003 0.030611353365384588
1 0.10413281249999999 0.3831768557692307 0.008140625000000012 0.02954148557692305
1 0.12034375 0.38363537139423076 0.0052187499999999986 0.02740174759615383
1 0.10928125 0.38394104807692303 0.00596875000000001 0.030545850961538477
1 0.0661484375 0.37794759855769233 0.015515624999999998 0.04179039423076924
1 0.03125 0.38141921394230766 0.011968749999999998 0.03340611538461536
