1 0.293796875 0.583125 0.07484375000000001 0.06804166826923073
1 0.102328125 0.5619479170673076 0.10918749999999999 0.056520834134615366
1 0.4925 0.59628125 0.11634375 0.05968750000000003
1 0.6367812500000001 0.5909270829326924 0.10243750000000008 0.07185416586538469
1 0.719640625 0.5886354170673077 0.06228124999999998 0.05364583413461537
1 0.818625 0.5779895829326923 0.11940625 0.09564583413461546
1 0.4391796875 0.5589999999999999 0.045859375000000036 0.03304166826923073
1 0.22997656250000004 0.5457500000000001 0.07317187499999998 0.08045833173076922
1 0.3663125 0.5528125 0.022343750000000037 0.03533333173076924
1 0.9684609375 0.5647708329326923 0.011953124999999924 0.013833334134615414
1 0.9928359375 0.5310729170673076 0.01432812500000006 0.07452083413461544
1 0.9820625000000001 0.45345833293269233 0.015562499999999976 0.06079166586538461
1 0.3404921875 0.5649375 0.048484374999999996 0.024458331730769237
1 0.4879807692307692 0.546875 0.921875 0.039663461538461536
