1 0.3016875 0.6292187499999999 0.25618749999999996 0.7101041682692307
1 0.0337421875 0.6075520829326924 0.067484375 0.6696041658653846
1 0.877640625 0.7379374999999999 0.24471874999999998 0.524125
1 0.10944531250000002 0.4855 0.04842187499999999 0.23670833173076922
1 0.4912734375 0.6685 0.19482812500000005 0.663
1 0.7665859374999999 0.34978125000000004 0.04670312499999996 0.08302083173076923
1 0.6023281249999999 0.5947395841346154 0.11034374999999998 0.49106249999999996
1 0.1260625 0.4500625 0.046093749999999996 0.22129166826923083
1 0.653453125 0.4416354170673077 0.05731249999999996 0.24797916586538463
1 0.8990859375000001 0.4121875 0.10051562500000003 0.18762500000000004
