1 0.4911782487980769 0.92131 0.1563746225961539 0.15738
1 0.783519638221154 0.92371 0.026314199519230776 0.06142000000000003
1 0.9566465264423077 0.9276699999999999 0.047069485576923004 0.03826000000000011
1 0.8132477343749999 0.90662 0.03296072355769229 0.04096000000000011
1 0.18725075600961538 0.83364 0.04132930528846156 0.06960000000000012
1 0.16327794471153848 0.8291 0.032537764423076924 0.04767999999999999
1 0.2411933533653846 0.84655 0.01948640384615383 0.03130000000000002
1 0.6036858004807693 0.89577 0.04501510576923082 0.07834000000000006
1 0.23027190264423078 0.8459000000000001 0.020785497596153838 0.025559999999999923
1 0.03634441105769231 0.8285100000000001 0.03552870192307692 0.023500000000000024
1 0.319803625 0.9045799999999999 0.2616616298076923 0.18724000000000002
1 0.9382326286057693 0.92296 0.031148036057692306 0.042319999999999997
1 0.8870996983173077 0.9226599999999999 0.02888217548076929 0.032560000000000006
1 0.49278846153846156 0.8762019230769231 0.9783653846153846 0.14783653846153846
