1 0.3189140625 0.6656660036057692 0.32467187499999994 0.45320079567307686
1 0.413 0.325437375 0.02515625000000001 0.07254473076923076
1 0.391390625 0.32273359855769235 0.02150000000000004 0.07433399519230771
1 0.544921875 0.46487077644230773 0.06946875 0.15399602403846152
1 0.6430703125 0.5222166995192308 0.041859375 0.25787276442307694
1 0.6838749999999999 0.5300795228365385 0.058406249999999924 0.23332007932692306
1 0.8552265625 0.4289363810096154 0.0624843750000001 0.07898608413461534
1 0.878828125 0.42590457331730774 0.03437500000000003 0.07204771394230768
1 0.9205703125 0.5071769387019232 0.03785937500000003 0.20059642067307695
1 0.285203125 0.4286282307692308 0.037156250000000016 0.10055665865384615
1 0.220984375 0.41413518870192306 0.039562499999999994 0.049025843749999964
1 0.6243046875 0.3982902584134615 0.03329687500000004 0.04401590625000002
1 0.7360468750000001 0.5243339963942308 0.04609375000000003 0.25844930528846155
1 0.5 0.44591346153846156 0.9963942307692307 0.4375
