1 0.6763203124999999 0.5015857139423077 0.11742187500000006 0.4204285721153846
1 0.2303671875 0.5412 0.163078125 0.4013714278846154
1 0.523578125 0.40355714302884615 0.04174999999999999 0.1287142860576923
1 0.44736718750000004 0.4118714278846154 0.050859375 0.11242857211538461
1 0.673796875 0.33859999999999996 0.0258125 0.07371428365384612
1 0.8342734375 0.44551428485576927 0.07432812499999987 0.3213142860576923
1 0.7943984374999999 0.37232857091346155 0.02629687500000002 0.16174285817307693
1 0.7583750000000001 0.3745571430288462 0.025593749999999978 0.1575142860576923
1 0.844328125 0.5959000000000001 0.08340625 0.5082000000000001
1 0.4853046875 0.41514285817307695 0.038140625000000004 0.10080000000000003
1 0.9133125 0.36175714302884615 0.024531249999999963 0.06288571394230771
1 0.5411796875 0.3662 0.01635937499999999 0.04611428365384613
1 0.5915234375 0.40340000000000004 0.041421875000000025 0.11982857211538459
