1 0.1113325985576923 0.662640625 0.05411894230769231 0.03721875000000001
1 0.6171035240384615 0.515890625 0.09689427403846154 0.14659375000000002
1 0.4166850216346154 0.547046875 0.08522026442307698 0.12009374999999994
1 0.6275330396634615 0.288203125 0.2798237908653846 0.35153124999999996
1 0.5817511009615385 0.514578125 0.06394273076923078 0.09899999999999999
1 0.5541519819711538 0.5322109374999999 0.04151982451923082 0.12623437499999998
1 0.6751651971153847 0.5229453125 0.07504405288461537 0.12214062500000004
1 0.06540748918269232 0.6579140625 0.058171805288461546 0.05992187500000002
1 0.06378854567307693 0.5983750000000001 0.08022026442307693 0.059531250000000036
1 0.5006277524038462 0.5343359375 0.0753083701923077 0.134921875
1 0.3282599122596154 0.5906875 0.09603524278846153 0.054281250000000045
1 0.4609361237980769 0.53703125 0.04041850240384616 0.09328125000000001
