1 0.8923854170673077 0.9138984374999999 0.21522916586538457 0.17220312500000004
1 0.058427082932692304 0.8179765625000001 0.11085416586538462 0.34157812499999995
1 0.4603854170673077 0.8297109375 0.0728958341346154 0.1672968749999999
1 0.38767708293269226 0.8669296875 0.10002083413461538 0.21473437499999998
1 0.63884375 0.8183203124999999 0.09268750000000005 0.13326562499999994
1 0.96865625 0.8680937499999999 0.06268749999999994 0.10775000000000003
1 0.7930416670673076 0.8936562499999999 0.11166666586538458 0.21268750000000003
1 0.6780312500000001 0.880140625 0.27847916826923075 0.23971875000000004
1 0.734875 0.7516015625 0.10020833173076923 0.06026562500000009
1 0.5951145829326923 0.8383046875000001 0.0629791658653846 0.14351562499999998
