1 0.296015625 0.46792708413461537 0.06749999999999999 0.28268750000000004
1 0.37081249999999993 0.4628958341346153 0.054343749999999996 0.279125
1 0.41882031249999996 0.46966666706730764 0.052234375000000006 0.23820833413461534
1 0.46990624999999997 0.4799791670673077 0.055718750000000004 0.2341666658653846
1 0.5058828125 0.4946770829326923 0.05207812500000001 0.22272916586538466
1 0.5689140625 0.48762500000000003 0.11429687500000003 0.249375
1 0.1273671875 0.3943854170673076 0.006421875000000004 0.01922916586538463
1 0.14875 0.3953958341346154 0.0225 0.025250000000000047
1 0.044640625 0.4160729170673077 0.032125 0.04377083413461536
1 0.1695546875 0.39653125 0.019390625000000012 0.02281250000000002
1 0.240328125 0.3870729170673077 0.010250000000000025 0.030979165865384645
1 0.9744921875 0.44083333413461534 0.02823437499999998 0.04350000000000001
1 0.137609375 0.38916666586538456 0.007374999999999994 0.01412500000000001
1 0.6129807692307693 0.26802884615384615 0.7716346153846154 0.5276442307692307
