1 0.71590625 0.4941458341346153 0.1777499999999999 0.3315
1 0.5218984375 0.5234791670673077 0.14404687499999996 0.3992083341346154
1 0.51534375 0.3656354158653846 0.14325000000000004 0.3260625
1 0.4717265625 0.2581979170673077 0.04310937500000002 0.08897916586538465
1 0.38340625000000006 0.23128125 0.03559374999999997 0.12772916826923078
1 0.3549375 0.22109374999999998 0.02406249999999998 0.08022916826923075
1 0.31975000000000003 0.24646875000000001 0.030968750000000024 0.08718749999999999
1 0.305671875 0.2013541670673077 0.022093750000000006 0.05891666586538461
1 0.2766796875 0.20775000000000002 0.02864062500000001 0.10499999999999998
1 0.2167734375 0.2568229170673077 0.042984375000000005 0.15352083413461537
1 0.4928359375 0.2312708329326923 0.019171874999999956 0.08641666586538464
1 0.32553125 0.19596875 0.024593749999999987 0.07027083173076921
1 0.5476875000000001 0.2309479170673077 0.03528124999999998 0.11122916586538462
1 0.26802884615384615 0.17427884615384615 0.0673076923076923 0.0733173076923077
