1 0.5969140625 0.550411765625 0.19001562499999997 0.5974823533653846
1 0.023218750000000003 0.5558941177884615 0.04184375 0.22863529326923077
1 0.5029375 0.5374 0.125625 0.47974117788461534
1 0.24292187499999998 0.5414 0.06625 0.28562352884615383
1 0.92590625 0.4881764699519231 0.07412500000000002 0.2748941177884615
1 0.07954687499999999 0.5265411766826923 0.033999999999999996 0.1858352956730769
1 0.3743125 0.4753764699519231 0.05284375000000001 0.1454823533653846
1 0.7541640625 0.4477176466346154 0.029234374999999976 0.0956235288461538
1 0.40956249999999994 0.502611764423077 0.08612500000000001 0.22494117788461535
1 0.792296875 0.48336470673076926 0.027937500000000035 0.10818823557692313
1 0.8926640625 0.48841176442307693 0.019234374999999915 0.13847058653846156
1 0.9628203124999999 0.49279999999999996 0.03535937499999998 0.18094117788461542
1 0.1113125 0.5193529411057692 0.026187499999999996 0.15875293990384615
1 0.44350961538461536 0.4951923076923077 0.8173076923076923 0.3173076923076923
