1 0.21719531250000002 0.696861826923077 0.43439062500000003 0.6062763461538462
1 0.286265625 0.5506791574519231 0.12471874999999999 0.38740046875000006
1 0.549671875 0.6890046838942308 0.29971875 0.618243560096154
1 0.35167968749999995 0.4432903990384615 0.08842187499999997 0.3486885240384615
1 0.4546875 0.30819672115384616 0.05000000000000003 0.1615925048076923
1 0.6804921875 0.517259953125 0.13326562499999994 0.5296018725961539
1 0.9223671875 0.5609836057692308 0.15526562500000005 0.4589227163461539
1 0.7322187499999999 0.36401639302884614 0.05475000000000003 0.07922716586538457
1 0.37736718750000003 0.582939109375 0.111671875 0.40297423798076915
1 0.16420312499999998 0.5038875877403846 0.1213125 0.2878220120192308
1 0.502609375 0.5093442620192308 0.11693750000000004 0.2960187355769231
1 0.7939843750000001 0.5508079627403846 0.12928125000000001 0.4566510552884615
1 0.886890625 0.44039812740384615 0.05253125000000002 0.14651053846153847
1 0.4338942307692308 0.4050480769230769 0.8557692307692307 0.21514423076923078
