1 0.579390625 0.5410042728365384 0.28437499999999993 0.7539743581730769
1 0.209515625 0.6505555552884617 0.281 0.5146153846153846
1 0.8835 0.6139850432692308 0.18565624999999988 0.3939529903846154
1 0.7854765625 0.6539423076923078 0.14789062499999994 0.3325854711538462
1 0.37127343749999997 0.708611110576923 0.10460937499999996 0.2258119663461538
1 0.12599218750000002 0.4493162391826923 0.14329687500000002 0.7725213677884616
1 0.3115859375 0.3394017103365385 0.14232812499999997 0.2505555552884615
1 0.26996875 0.1547329050480769 0.13087500000000002 0.26155982932692307
1 0.392390625 0.1777564110576923 0.12446874999999999 0.1730341875
1 0.5011953125 0.19438034134615384 0.09201562500000002 0.15504273557692308
1 0.9738359375 0.21553418870192306 0.052328125000000045 0.10282051201923079
1 0.038125000000000006 0.5405235036057692 0.074625 0.7050213677884616
1 0.4720234375 0.11672008533653845 0.09045312499999994 0.20779914663461538
1 0.65625 0.4110576923076923 0.6826923076923077 0.8221153846153846
