1 0.3268046875 0.5625456622596154 0.44445312499999995 0.84719178125
1 0.0776640625 0.39565068509615386 0.078421875 0.1977397259615385
1 0.49367968749999996 0.34831050240384615 0.19070312500000003 0.337077625
1 0.35078125000000004 0.1726027391826923 0.13859375000000002 0.3452054783653846
1 0.6828359375 0.2712442920673077 0.191140625 0.5337671225961539
1 0.176203125 0.14518264783653848 0.09346875 0.18735159855769232
1 0.08766406250000001 0.2427054795673077 0.169171875 0.3011187235576923
1 0.5140312499999999 0.15610730649038462 0.20053125000000005 0.31221461298076925
1 0.24763281250000002 0.4369406382211539 0.08504687499999998 0.23831050240384616
1 0.188625 0.3747831045673077 0.12625 0.26865296875
1 0.6051171875 0.06269406490384616 0.11435937499999992 0.11547945192307692
1 0.0746640625 0.0844178076923077 0.142203125 0.15842465865384614
1 0.9107578125 0.3882191778846154 0.17785937500000004 0.20876712500000003
1 0.4987980769230769 0.28966346153846156 0.9975961538461539 0.5793269230769231
