1 0.3449140625 0.5416705600961538 0.20182812499999997 0.7680140192307692
1 0.43899218749999996 0.4333177572115385 0.111984375 0.5365887836538461
1 0.8144921875000001 0.3699532716346154 0.065984375 0.23023364423076928
1 0.710828125 0.4314602800480769 0.14125 0.5303504687499999
1 0.9562656250000001 0.3610514014423077 0.05221875000000003 0.1724766346153846
1 0.093921875 0.3921378497596154 0.09768750000000001 0.26292056009615383
1 0.24776562500000002 0.2905490649038462 0.028625000000000005 0.09684579326923079
1 0.9018984375 0.36315420552884614 0.03645312499999994 0.20392523317307693
1 0.8632890624999999 0.40088784975961544 0.07092187499999994 0.23228971875
1 0.9251640624999999 0.3714836454326923 0.033609374999999955 0.13530373798076922
1 0.9910859375 0.3847546730769231 0.017828124999999966 0.14203271153846156
1 0.1281953125 0.2744626165865385 0.027296874999999998 0.08009345913461541
1 0.51003125 0.40310747596153845 0.053781249999999975 0.21827102884615385
1 0.5492788461538461 0.2932692307692308 0.8293269230769231 0.14302884615384615
