1 0.6818828125 0.5450704230769231 0.08626562499999989 0.24967136057692313
1 0.8050703125 0.6086619723557692 0.127640625 0.4366666658653847
1 0.5220468749999999 0.4829694831730769 0.05749999999999997 0.16842723076923077
1 0.4723125 0.4852112668269231 0.036812500000000054 0.12671361538461537
1 0.3582734375 0.4764436622596154 0.06314062500000002 0.10669014182692305
1 0.31940625 0.4918661971153846 0.10631249999999996 0.15166666826923075
1 0.256359375 0.6463967127403846 0.27584374999999994 0.6869248822115386
1 0.06715625 0.6923708918269231 0.1343125 0.6152582163461539
1 0.062031249999999996 0.4672887331730769 0.12406249999999999 0.29152582211538464
1 0.38457031249999996 0.4531924879807692 0.04154687500000001 0.09431925
1 0.3535234374999999 0.4234037560096154 0.02801562500000003 0.04338028125000001
1 0.1282734375 0.4244835685096154 0.07626562499999999 0.27863849759615383
