1 0.1973359375 0.6736885240384615 0.09367187500000002 0.38241217788461535
1 0.33420312500000005 0.7080327872596153 0.116 0.4175644014423077
1 0.10043749999999999 0.5609718966346153 0.0515 0.22578454326923075
1 0.5905859375 0.7292974242788461 0.13829687499999999 0.4220140504807693
1 0.5788984375 0.31289227163461536 0.10970312499999996 0.16925058653846156
1 0.7623671875 0.6717798605769231 0.08532812499999992 0.29915690865384625
1 0.9003749999999999 0.6527634663461538 0.0873125 0.34950819711538456
1 0.968953125 0.6587704915865384 0.06196874999999999 0.3527166274038462
1 0.9379062499999999 0.5444964867788461 0.02015624999999998 0.06014051682692312
1 0.8374531249999999 0.603501170673077 0.034812500000000066 0.07206088942307684
1 0.8377265624999999 0.6514519903846154 0.05489062499999998 0.09255269230769234
1 0.43446875 0.5726346598557692 0.012656249999999968 0.07725995432692308
1 0.575890625 0.30217798557692305 0.17378124999999994 0.3113348942307692
1 0.49278846153846156 0.6935096153846154 0.984375 0.47716346153846156
