1 0.11831 0.8633466670673078 0.07177999999999998 0.26525333413461544
1 0.28279 0.8889733329326923 0.11242000000000002 0.2220533341346154
1 0.16665999999999997 0.8685733329326923 0.07136 0.25874666586538453
1 0.48296999999999995 0.8791333329326924 0.03234 0.13378666586538465
1 0.37986 0.9120533329326924 0.04996000000000004 0.1708266658653845
1 0.5127 0.8795866670673078 0.03095999999999998 0.12274666586538462
1 0.20725999999999997 0.8755066670673076 0.024479999999999988 0.17938666586538454
1 0.3225 0.8318266670673077 0.019959999999999995 0.04893333413461539
1 0.023150000000000004 0.8814666670673077 0.0459 0.2124266658653847
1 0.6815399999999999 0.8356933329326923 0.016360000000000048 0.02962666586538454
1 0.05846 0.8558799999999999 0.07279999999999999 0.22093333173076915
