1 0.0390703125 0.24324356009615386 0.078140625 0.22747072596153844
1 0.12596093749999998 0.2835480096153846 0.17157812499999997 0.3180562067307692
1 0.5887265625 0.15804449639423077 0.06526562499999998 0.11833723798076924
1 0.5947421875 0.38185011778846156 0.1315156249999999 0.3996252932692308
1 0.231421875 0.1336533954326923 0.058499999999999996 0.18135831490384619
1 0.20627343750000002 0.16295081971153846 0.05895312500000001 0.09578454326923075
1 0.955296875 0.3141217800480769 0.08940624999999996 0.2561592524038461
1 0.26143750000000004 0.16333723677884615 0.129625 0.3266744735576923
1 0.3996640625 0.07035128846153846 0.05335937500000005 0.1378454326923077
1 0.8767578125 0.41959016466346155 0.22448437499999996 0.6564636995192307
1 0.9713984375000001 0.04653395793269231 0.05720312499999995 0.09306791586538463
1 0.709609375 0.42530444951923074 0.13640625 0.3560421538461539
1 0.3000390625 0.25693208533653844 0.10301562500000004 0.2119906322115385
1 0.28725961538461536 0.14302884615384615 0.5721153846153846 0.2860576923076923
