1 0.792890625 0.7649178413461539 0.07203124999999994 0.3019014086538461
1 0.8540390625000001 0.7309272295673076 0.058984374999999915 0.2960328629807692
1 0.545828125 0.6663732391826922 0.025218750000000033 0.11922535336538455
1 0.4844140625 0.639589201923077 0.01289062499999996 0.07744131249999994
1 0.4636171875 0.642359155048077 0.012015625000000018 0.06570422355769222
1 0.47401562499999994 0.6398591550480769 0.013718750000000054 0.06816901201923081
1 0.450234375 0.6424413149038462 0.011374999999999998 0.0723474182692308
1 0.4297734375 0.628650234375 0.013671875 0.05659624278846161
1 0.4133359375 0.6211502343749999 0.008546875000000056 0.043051641826923
1 0.402046875 0.6217488257211539 0.011843749999999983 0.036924882211538376
1 0.384640625 0.6280046947115385 0.01203124999999999 0.03755868750000001
1 0.3786171875 0.6259624411057693 0.008109374999999948 0.04647887259615381
1 0.4416171875 0.6441314555288462 0.015796875000000037 0.07685445913461536
