1 0.32208593750000003 0.1984583341346154 0.04835937500000002 0.252
1 0.3711953125 0.2067291670673077 0.061609375000000015 0.23670833413461537
1 0.41284375 0.2021145841346154 0.06256250000000002 0.22081250000000002
1 0.477265625 0.19359374999999998 0.078625 0.23685416826923078
1 0.8280078125 0.1306875 0.06067187500000005 0.23354166826923078
1 0.9243671874999999 0.44148958293269236 0.15126562499999993 0.3983541658653846
1 0.905828125 0.1435 0.032875000000000106 0.09
1 0.899703125 0.34843749999999996 0.16609375000000007 0.25175
1 0.9320546874999999 0.17148958293269229 0.045890624999999914 0.14097916586538461
1 0.7695234375000001 0.11380208293269231 0.06845312499999998 0.15247916586538462
1 0.63675 0.1534791670673077 0.035968750000000056 0.07720833413461539
1 0.8681015624999999 0.37257291706730766 0.17501562500000006 0.3682291658653846
1 0.6059296875 0.164125 0.02439062499999994 0.03433333173076923
1 0.7199519230769231 0.12980769230769232 0.5576923076923077 0.1310096153846154
