1 0.074984375 0.7329166670673077 0.148375 0.42566666586538465
1 0.16792187500000003 0.7025833329326924 0.09846875000000001 0.3267916658653847
1 0.0820625 0.5827395829326923 0.053906249999999996 0.19522916586538458
1 0.2989765625 0.57690625 0.057390624999999994 0.23010416826923075
1 0.18105468749999998 0.4900208329326923 0.039140625 0.18220833413461537
1 0.16290625 0.4692916670673076 0.020125 0.10516666586538463
1 0.31288281249999994 0.4854270829326923 0.035796874999999985 0.1267708341346154
1 0.37754687500000006 0.5256458329326923 0.06859375 0.17441666586538462
1 0.6109374999999999 0.4811666670673077 0.022281249999999943 0.06241666586538459
1 0.34774999999999995 0.48475 0.027218750000000017 0.14775
1 0.5673203124999999 0.6905625 0.11292187499999996 0.28675
1 0.42948437500000003 0.5548645829326924 0.05968750000000003 0.10197916586538465
1 0.654125 0.5616041670673076 0.07046875 0.15858333413461537
1 0.5024038461538461 0.5564903846153846 0.5612980769230769 0.15384615384615385
