1 0.017462462740384616 0.45836 0.03180180048076923 0.04283999999999999
1 0.07618618629807693 0.47533 0.023843843750000003 0.049740000000000034
1 0.11258258293269231 0.45885 0.01591591586538463 0.018380000000000028
1 0.168078078125 0.45394 0.02510510336538463 0.021480000000000048
1 0.21030030048076925 0.45648 0.021981980769230764 0.014639999999999986
1 0.05171171153846154 0.46397000000000005 0.024264264423076918 0.027819999999999973
1 0.27981981971153846 0.46732 0.02978978846153845 0.05648000000000005
1 0.31998498557692306 0.46021 0.032702701923076935 0.03026000000000004
1 0.4421921923076923 0.46463999999999994 0.02528528365384614 0.05660000000000002
1 0.1450150144230769 0.45882999999999996 0.01753753846153847 0.01618000000000003
1 0.2366966971153846 0.44929 0.029609610576923052 0.025259999999999942
1 0.12370870913461539 0.45969000000000004 0.018528528846153858 0.022699999999999977
1 0.1013963966346154 0.45895 0.01960961057692308 0.024419999999999973
