1 0.3913359375 0.3946838401442307 0.047296875 0.07742388701923077
1 0.25017968749999997 0.49559718990384616 0.09470312500000001 0.2697892259615384
1 0.13365625 0.4600468377403846 0.06006249999999999 0.21573770432692305
1 0.7699843749999999 0.3521662764423077 0.02840625000000002 0.05791569230769231
1 0.6628906250000001 0.6214871189903846 0.13318750000000001 0.5439110072115384
1 0.8048984375000001 0.4426229507211538 0.0766093749999999 0.2623419206730769
1 0.6598046875 0.3254098353365385 0.05264062500000003 0.14163934375000004
1 0.587515625 0.3716042151442308 0.043312500000000004 0.11393442548076926
1 0.307546875 0.41225995312499997 0.03340625000000001 0.21622950721153844
1 0.35303124999999996 0.38800936778846157 0.05796874999999995 0.1737704903846154
1 0.458625 0.38064402884615384 0.05056250000000005 0.08709601923076923
1 0.590078125 0.2755971899038462 0.02765624999999999 0.048899298076923066
1 0.6230624999999999 0.31529274038461536 0.039312499999999966 0.09770491826923074
1 0.4254807692307692 0.37740384615384615 0.3173076923076923 0.25721153846153844
