1 0.47853125 0.6240941177884616 0.3805 0.549788235576923
1 0.1863515625 0.1884588233173077 0.11026562499999998 0.30096470432692307
1 0.264671875 0.1040588233173077 0.07900000000000001 0.20632941105769229
1 0.32341406250000004 0.08623529447115384 0.06042187500000002 0.16649411778846154
1 0.9187421875 0.24944705889423077 0.16201562500000002 0.3538588245192308
1 0.8605390624999999 0.20855294110576925 0.08507812499999996 0.27682353125000003
1 0.6023984375 0.5224470588942307 0.540734375 0.47755293990384623
1 0.053671875 0.148988234375 0.10434374999999999 0.09948235336538461
1 0.0923125 0.12384705889423077 0.09796875 0.07296470432692306
1 0.1466796875 0.01515294110576923 0.137015625 0.03030588221153846
1 0.7897031250000001 0.044223528846153846 0.030406250000000003 0.08844705769230769
1 0.872625 0.05701176442307692 0.1624374999999999 0.11402352884615384
