1 0.054851562500000006 0.5303387860576924 0.106703125 0.9078738317307692
1 0.18690625 0.3275584110576923 0.07965625 0.35170560576923077
1 0.468125 0.4955023365384615 0.22693750000000001 0.6674065432692308
1 0.521 0.33300233653846156 0.11643750000000004 0.23964953365384611
1 0.7400859375 0.5209228966346153 0.34173437500000003 0.5967523365384616
1 0.3005546875 0.40939252283653843 0.09139062499999998 0.19219626201923076
1 0.228328125 0.11698598197115384 0.02856250000000001 0.08219626201923078
1 0.8511953125 0.30773364423076927 0.12723437500000004 0.41149532692307694
1 0.372703125 0.3321261682692308 0.08631250000000001 0.4188317740384615
1 0.5777578125 0.11959112139423077 0.026515625000000043 0.10441588701923078
1 0.789015625 0.39668224278846154 0.06271875000000002 0.2153738317307692
1 0.6915859375 0.1260280372596154 0.039484375 0.12056074759615386
1 0.721171875 0.12695093509615385 0.03187499999999998 0.12390187019230771
1 0.5324519230769231 0.5096153846153846 0.9326923076923077 0.9771634615384616
