1 0.6083933930288462 0.53781 0.5524624639423077 0.84426
1 0.31001501442307694 0.32770000000000005 0.22387387500000003 0.32208
1 0.43726726682692313 0.24744 0.09903903846153841 0.21668
1 0.9533783786057691 0.31684 0.09324324278846159 0.26116
1 0.07540540504807693 0.39187999999999995 0.15081081009615385 0.12840000000000001
1 0.09297297235576922 0.24336999999999998 0.08264264182692307 0.04586
1 0.4851501490384615 0.20743 0.0901201201923077 0.12001999999999999
1 0.9084084086538462 0.22680999999999998 0.07243243269230767 0.09721999999999999
1 0.18893393509615386 0.25051999999999996 0.09792792788461538 0.057439999999999984
1 0.34668168149038464 0.29049 0.07636636778846152 0.24745999999999999
1 0.38067567548076925 0.2356 0.04411411538461539 0.11244000000000001
1 0.2312612608173077 0.23651 0.04300300240384617 0.05449999999999999
