1 0.41545 0.6854 0.2983 0.6067466682692307
1 0.16522 0.44548 0.12652 0.23373333173076924
1 0.11014 0.43526666706730766 0.09756000000000001 0.24749333413461536
1 0.04466 0.4063733341346154 0.08932 0.14832
1 0.28147 0.38848000000000005 0.09546000000000003 0.1466133317307692
1 0.9494100000000001 0.3237333329326923 0.07181999999999998 0.0971733341346154
1 0.94635 0.5382 0.10618000000000002 0.3123466682692308
1 0.19719 0.6224666670673076 0.23257999999999998 0.4584266658653846
1 0.45936 0.44452 0.09776 0.28759999999999997
1 0.7462699999999999 0.33586666706730767 0.07977999999999993 0.12229333413461538
