1 0.622625 0.5283645841346154 0.038687500000000055 0.05006250000000005
1 0.40534375 0.5096354170673076 0.021343749999999977 0.029895834134615384
1 0.38923437499999997 0.6125833329326923 0.030531249999999985 0.07979166586538461
1 0.2376875 0.4869270841346154 0.010375000000000006 0.04156250000000005
1 0.5679218749999999 0.89328125 0.049156249999999964 0.07702083173076921
1 0.7446093750000001 0.8994687499999999 0.03731249999999998 0.10968750000000013
1 0.97790625 0.9781458329326923 0.04224999999999991 0.040541665865384664
1 0.1411171875 0.9066666670673077 0.073015625 0.08104166586538455
1 0.0962109375 0.8867812499999999 0.043015624999999995 0.06381249999999998
1 0.3687734375 0.9462499999999999 0.08020312500000006 0.10750000000000007
1 0.2878125 0.9239479170673076 0.07415625000000005 0.0975208341346154
1 0.3303203125 0.63296875 0.04242187500000002 0.07035416826923079
1 0.8377890625000001 0.7783854158653847 0.05454687499999991 0.05081250000000008
1 0.4963942307692308 0.7043269230769231 0.8497596153846154 0.5829326923076923
