1 0.7347187500000001 0.45668010697115385 0.18971874999999988 0.55362903125
1 0.591046875 0.5534946237980769 0.29128125 0.6640860216346153
1 0.9175937500000001 0.4022446237980769 0.16328125000000002 0.6966397860576924
1 0.5841875 0.20836021514423075 0.07721875000000004 0.24951612740384616
1 0.6546249999999999 0.19935483774038462 0.06549999999999997 0.2772580649038462
1 0.5081015625 0.32247311778846155 0.06792187499999996 0.49661290384615386
1 0.3281875 0.29274193629807693 0.10396875000000001 0.5080645168269231
1 0.12903125 0.27298387139423075 0.06662499999999999 0.50962365625
1 0.804609375 0.18876344110576923 0.06268750000000008 0.24720430048076925
1 0.7306796875000001 0.2244892463942308 0.09601562500000013 0.35462365625
1 0.41560937500000006 0.3208736550480769 0.09706250000000004 0.5184139783653846
