1 0.03694 0.77804 0.07388 0.1462666682692307
1 0.80828 0.7336933341346155 0.019759999999999913 0.06296000000000007
1 0.8757899999999998 0.7349333329326924 0.011019999999999978 0.04773333413461532
1 0.16116999999999998 0.6828000000000001 0.01294000000000002 0.028746668269230797
1 0.25904 0.6801066670673077 0.016959999999999982 0.04053333413461529
1 0.49437 0.69004 0.011580000000000026 0.037893331730769204
1 0.77434 0.7169466658653847 0.004680000000000051 0.023119999999999925
1 0.10769 0.6888933329326924 0.009259999999999994 0.032133334134615325
1 0.51237 0.6898666670673077 0.011979999999999982 0.03861333413461528
1 0.020659999999999998 0.6782533341346154 0.017599999999999998 0.05432000000000004
1 0.23934 0.68384 0.01496 0.04783999999999995
1 0.29510000000000003 0.7144266670673076 0.027760000000000024 0.044746665865384665
