1 0.1515234375 0.8534278954326923 0.10732812500000001 0.24453900721153835
1 0.24256250000000001 0.8624586286057693 0.08524999999999999 0.23276595913461529
1 0.36327343749999996 0.8774468088942308 0.11214062500000002 0.2128132379807692
1 0.8180468750000001 0.7897990540865384 0.09199999999999998 0.41661938701923074
1 0.305546875 0.7864184399038462 0.07443749999999999 0.19184397115384605
1 0.4534375 0.6293853425480769 0.006500000000000019 0.031158391826923097
1 0.25739843749999997 0.7015130024038463 0.022859375000000008 0.08789598076923077
1 0.19847656249999998 0.6788770685096155 0.039609375000000016 0.15444444471153845
1 0.612796875 0.7778368798076923 0.12343749999999999 0.44432624038461543
1 0.7461796875 0.7837234038461538 0.12929687500000006 0.4325531923076923
1 0.888125 0.8019976358173077 0.09746874999999992 0.3960047283653846
1 0.35328125 0.7763356971153846 0.1225625 0.16340425480769236
1 0.2272734375 0.6636406622596153 0.013421875000000002 0.08609929086538456
1 0.49278846153846156 0.7307692307692307 0.9807692307692307 0.30288461538461536
