1 0.28500000000000003 0.9146249999999999 0.05278124999999999 0.16983333173076923
1 0.7968906249999999 0.8665625 0.07468749999999999 0.24829166826923077
1 0.394546875 0.9393333329326924 0.04034374999999997 0.11641666586538459
1 0.3421640625000001 0.9362708329326923 0.02626562500000001 0.1274583341346154
1 0.449171875 0.9463333341346154 0.06534374999999998 0.10712499999999991
1 0.291125 0.8239791658653848 0.0165625 0.02962500000000003
1 0.2713984375 0.8307708329326923 0.02145312500000002 0.0532916658653846
1 0.275015625 0.7959791670673076 0.012562499999999997 0.019583334134615472
1 0.317046875 0.8412708329326922 0.04784374999999998 0.07141666586538466
1 0.25214843750000004 0.8713958341346154 0.03432812500000001 0.10249999999999997
1 0.348015625 0.84928125 0.02140625 0.04727083173076926
1 0.422953125 0.88015625 0.0390625 0.0353125
1 0.3603593749999999 0.9554791670673077 0.02659375000000004 0.08833333413461539
1 0.31009615384615385 0.8786057692307693 0.19230769230769232 0.18389423076923078
