1 0.630015625 0.37487499999999996 0.05165625000000001 0.11699999999999999
1 0.586671875 0.39470833413461537 0.041374999999999974 0.125
1 0.5240390625 0.41432291586538467 0.10270312500000002 0.08606249999999999
1 0.8281171875000001 0.4801041670673077 0.034015625000000056 0.09891666586538464
1 0.43703906249999996 0.4190833329326923 0.01629687500000003 0.07066666586538463
1 0.4083125 0.42986458413461537 0.06268750000000001 0.05406250000000002
1 0.9204140625 0.4811250000000001 0.04370312499999999 0.132
1 0.641046875 0.3893229170673077 0.10237499999999998 0.13927083413461538
1 0.7835859374999999 0.5156666658653847 0.021296875000000062 0.10162500000000002
1 0.03376562500000001 0.5091875 0.0346875 0.13841666826923077
1 0.10420312500000001 0.5006041670673077 0.045968749999999996 0.11933333413461536
1 0.7471015625 0.5000104170673076 0.03660937499999994 0.12860416586538456
1 0.8061953125 0.521375 0.02145312499999992 0.08808333173076928
1 0.12259615384615384 0.4951923076923077 0.24519230769230768 0.15625
