1 0.43663934495192314 0.5485234375 0.46138173317307696 0.630359375
1 0.911838407451923 0.328515625 0.1763231850961538 0.2830625
1 0.4121311478365384 0.23989843749999998 0.26173302163461537 0.268609375
1 0.1445784543269231 0.16612500000000002 0.15252927403846156 0.09962499999999999
1 0.1411475408653846 0.10736718749999999 0.25573770673076923 0.21473437499999998
1 0.3478454338942308 0.0441796875 0.24271662740384617 0.087359375
1 0.9386768149038461 0.09944531250000001 0.12264637019230772 0.078296875
1 0.05548009375 0.038125 0.08557376923076923 0.07625
1 0.6547775168269231 0.05024218750000001 0.1520374711538461 0.099953125
1 0.5299531622596153 0.0534609375 0.17077283413461541 0.103265625
