1 0.732265625 0.6644062500000001 0.28546875 0.6486458317307692
1 0.872546875 0.51059375 0.036156249999999994 0.2159791682692308
1 0.38003125000000004 0.6265104170673077 0.29362499999999997 0.7469791658653846
1 0.22160937500000003 0.5326979170673076 0.05678124999999999 0.23072916586538458
1 0.1594453125 0.5300729170673077 0.055578125 0.2078541658653847
1 0.963 0.6643645829326924 0.07399999999999998 0.2726041658653846
1 0.984546875 0.4564166670673077 0.030906250000000066 0.16270833413461538
1 0.2614921875 0.5644374999999999 0.021359375000000017 0.049749999999999996
1 0.926609375 0.5290520829326923 0.00771875000000003 0.013145834134615342
1 0.42270312499999996 0.5346666658653846 0.04793749999999995 0.252
1 0.48135156250000005 0.5260625 0.05098437500000005 0.19508333173076922
1 0.5530390625 0.5466458341346154 0.07476562499999997 0.219875
1 0.6484375 0.4693854170673077 0.030218750000000065 0.12335416586538464
