1 0.244640625 0.6755104170673077 0.32675 0.6489791658653845
1 0.466859375 0.7191041670673077 0.17190625 0.5303333341346154
1 0.6244375000000001 0.7386458341346154 0.251125 0.49437500000000006
1 0.8771874999999999 0.7267083329326923 0.245625 0.5465833341346154
1 0.0718828125 0.7728750000000001 0.11845312499999999 0.45425
1 0.032390625 0.7669270829326924 0.06478125 0.4651458341346153
1 0.5106484375 0.4631145829326923 0.01085937500000003 0.012770834134615395
1 0.12584375 0.5434062500000001 0.047624999999999994 0.06702083173076921
1 0.39016406249999996 0.5521458341346154 0.04057812500000003 0.07650000000000003
1 0.848984375 0.5792604158653846 0.047906249999999935 0.08031249999999993
1 0.7108515625 0.6544166658653847 0.08439062499999996 0.22862500000000002
1 0.570390625 0.5899166670673077 0.05090625000000005 0.08541666586538468
1 0.6809921875 0.6283975 0.05085937500000007 0.13008666826923074
1 0.730134375 0.8295069447115384 0.05198124999999994 0.2799027788461538
1 0.6911057692307693 0.5576923076923077 0.6153846153846154 0.12259615384615384
