1 0.8140156249999999 0.44281249999999994 0.07024999999999998 0.08004166826923079
1 0.6289687500000001 0.43729166706730777 0.059499999999999956 0.09766666586538462
1 0.7800859375000001 0.3076354170673077 0.07635937500000008 0.15497916586538457
1 0.795984375 0.20870833413461537 0.05090625000000005 0.08749999999999998
1 0.36083593750000004 0.44076041706730773 0.04573437499999999 0.048770834134615394
1 0.7144687500000001 0.11352083413461538 0.06243749999999997 0.099375
1 0.320390625 0.18408333413461536 0.07212500000000001 0.0955
1 0.6178281250000001 0.7135625 0.08809374999999992 0.1400416682692308
1 0.2674296875 0.3195104170673077 0.07129687499999998 0.11277083413461542
1 0.4946640625 0.8999999999999999 0.11629687500000002 0.17754166826923073
1 0.8757421875 0.95046875 0.105734375 0.09906249999999996
1 0.581890625 0.11948958293269231 0.052374999999999956 0.08422916586538462
1 0.7028203125 0.9819375 0.04504687500000005 0.036125000000000046
1 0.5 0.41225961538461536 0.9963942307692307 0.8245192307692307
