1 0.099359375 0.7669270829326924 0.01290625 0.056729165865384616
1 0.7877421874999999 0.7517083329326923 0.023609374999999898 0.07083333413461546
1 0.651109375 0.7442708341346154 0.014093749999999999 0.043875000000000025
1 0.1168671875 0.7653125000000001 0.013546875000000002 0.05720833173076929
1 0.8499921875 0.7260104170673076 0.014796875000000043 0.03735416586538461
1 0.6638359375 0.7437083329326923 0.011890625000000035 0.049416665865384686
1 0.6162500000000001 0.7390833329326922 0.008875000000000018 0.01704166586538464
1 0.0119375 0.7960208341346154 0.0230625 0.06549999999999997
1 0.012 0.8290000000000001 0.024 0.07925000000000004
1 0.839421875 0.7317812500000002 0.014749999999999921 0.02856250000000001
1 0.6897734375 0.7353437500000001 0.008203124999999919 0.027979168269230817
1 0.62965625 0.7394895829326924 0.010687500000000063 0.020979165865384584
1 0.547984375 0.79409375 0.023500000000000024 0.10368750000000003
