1 0.66429 0.141508875 0.06682000000000002 0.09733727884615383
1 0.737 0.6420266262019231 0.08012000000000004 0.20316568028846158
1 0.24825000000000003 0.6599260348557693 0.08878 0.24914201201923078
1 0.34521999999999997 0.28278106490384614 0.07444000000000006 0.1423668653846154
1 0.34968 0.7177071009615384 0.03563999999999996 0.16352071153846148
1 0.41035 0.7069082836538462 0.030219999999999983 0.14346153846153833
1 0.8918900000000001 0.2630917163461538 0.04621999999999993 0.13014792788461538
1 0.95027 0.2586242596153846 0.03142000000000012 0.12713017788461536
1 0.9251400000000001 0.2332988173076923 0.02772 0.0926923076923077
1 0.03495 0.6876331370192308 0.029060000000000006 0.15751479326923082
1 0.52534 0.6977662716346154 0.03640000000000002 0.14328402403846155
1 0.51362 0.2177218942307692 0.02036000000000002 0.06402366826923075
1 0.99001 0.2471745564903846 0.019980000000000057 0.13647929086538466
1 0.4987980769230769 0.5084134615384616 0.9975961538461539 0.7512019230769231
