1 0.5399700000000001 0.5494479495192308 0.6211800000000001 0.8786435336538461
1 0.14461 0.06515772836538461 0.10969999999999999 0.12583596153846152
1 0.26215 0.06179810697115385 0.09401999999999999 0.11911671874999999
1 0.20914 0.06317034735576924 0.05719999999999999 0.12634069471153847
1 0.38039999999999996 0.366293375 0.09404000000000003 0.30564668749999996
1 0.53138 0.05932176682692308 0.11643999999999995 0.11864353365384615
1 0.37028000000000005 0.05880126201923076 0.12896000000000002 0.11760252403846153
1 0.036469999999999995 0.06900630889423078 0.07293999999999999 0.13126182932692307
1 0.68534 0.05361198798076923 0.14827999999999994 0.10722397596153846
1 0.74856 0.05036277644230769 0.10667999999999996 0.10072555288461538
1 0.93584 0.04386435336538462 0.12832000000000002 0.08678233653846153
1 0.7998000000000001 0.04917981129807692 0.06780000000000008 0.09835962259615384
1 0.8897900000000001 0.04301261778846154 0.08922000000000001 0.08520504807692307
