1 0.5302812499999999 0.6546770829326923 0.47584375 0.6426458341346155
1 0.33953125 0.4436979158653846 0.12162500000000001 0.3153125
1 0.2643046875 0.5145 0.12035937500000002 0.5230416682692307
1 0.4517890625 0.1441979170673077 0.032015625 0.0407291658653846
1 0.7000390625 0.1143645829326923 0.016015625000000054 0.05552083413461539
1 0.6927187499999999 0.11298958413461538 0.012531249999999917 0.03581249999999999
1 0.6807578125 0.11326041706730769 0.014890625000000011 0.048354165865384616
1 0.619015625 0.08283333293269231 0.007875000000000024 0.027833334134615376
1 0.757890625 0.07370833413461539 0.013406249999999996 0.036875
1 0.8255625 0.09540625 0.010687499999999926 0.031104168269230775
1 0.06425 0.07753125 0.01503125 0.04581249999999999
1 0.516234375 0.07060416586538462 0.015218750000000041 0.034124999999999996
1 0.5330546875 0.0465625 0.0072656250000000195 0.015041668269230769
1 0.4543269230769231 0.0625 0.9050480769230769 0.11658653846153846
