1 0.8107578125000001 0.9286292427884615 0.010109374999999933 0.054960836538461615
1 0.7906562500000001 0.9144255877403846 0.008437499999999978 0.031984334134615336
1 0.7147812499999999 0.9318798966346153 0.011312500000000041 0.04616187980769236
1 0.9673203125000001 0.9294255877403846 0.009609375000000005 0.04172323798076928
1 0.9869453125000001 0.9277154038461539 0.010765624999999992 0.04535248076923086
1 0.4146171875 0.91143603125 0.006828125000000048 0.029712793269230778
1 0.932765625 0.9314099218749999 0.014375000000000044 0.039164492788461604
1 0.42033593750000003 0.9173498689903846 0.004078124999999966 0.01757180048076921
1 0.8165546875 0.9209138377403847 0.005859375 0.022715406249999886
1 0.379984375 0.914203655048077 0.006812500000000008 0.027885117788461554
1 0.493265625 0.9127937331730768 0.012124999999999959 0.02412532692307692
1 0.0637421875 0.8961879891826923 0.007015624999999996 0.01911227163461545
1 0.926375 0.9188642295673077 0.006687499999999957 0.036318536057692356
1 0.5240384615384616 0.9206730769230769 0.9170673076923077 0.13822115384615385
