1 0.15951562500000002 0.4695667451923077 0.05025000000000001 0.1975878221153846
1 0.5373203125 0.40521077283653845 0.03632812500000003 0.07262294951923079
1 0.8686328125 0.43875878125 0.15501562499999993 0.15686182692307696
1 0.4006015625 0.42023419110576926 0.02214062500000006 0.07330210817307697
1 0.5004140625 0.48057377043269234 0.02798437500000002 0.07936768028846153
1 0.46909375 0.42757611298076925 0.03959375000000001 0.12470725961538462
1 0.5039374999999999 0.40209601802884615 0.037406250000000016 0.06559718990384616
1 0.5459765625 0.5530093677884615 0.043921875000000006 0.09936768269230765
1 0.41846875 0.42751756370192306 0.03271874999999998 0.08969555048076927
1 0.774125 0.5348243557692308 0.0236875000000001 0.035503514423076935
1 0.44488281250000006 0.40748243629807696 0.027203124999999977 0.06091334855769233
1 0.2634453125 0.4793676814903846 0.17335937499999998 0.18562060817307688
1 0.6290859375 0.5069437944711539 0.02104687499999996 0.08077283413461536
1 0.49759615384615385 0.5072115384615384 0.9951923076923077 0.21754807692307693
