1 0.1494375 0.6269687500000001 0.298875 0.7235937499999999
1 0.273671875 0.307359375 0.09246874999999996 0.21365624999999996
1 0.4277578125 0.30320312499999996 0.134921875 0.28762499999999996
1 0.225515625 0.275046875 0.12584375 0.24071875000000004
1 0.6117578125 0.22775 0.02832812500000009 0.09999999999999999
1 0.75965625 0.1757578125 0.04487500000000001 0.05751562500000001
1 0.7258984374999999 0.18653124999999998 0.03467187499999998 0.060125
1 0.807421875 0.221375 0.036187499999999935 0.14378125000000003
1 0.041671875 0.26935156250000003 0.036062500000000004 0.050828125000000016
1 0.6668203125 0.21478125 0.06357812500000005 0.12715625
1 0.5374765625 0.22062500000000002 0.01889062499999998 0.05006249999999998
1 0.5527421874999999 0.2331875 0.02854687500000004 0.08253125
1 0.33146875 0.24872656249999997 0.025875000000000023 0.05629687500000003
1 0.7548076923076923 0.25 0.07451923076923077 0.109375
