1 0.34425 0.6456857860576922 0.09996874999999997 0.43371571153846156
1 0.9212265625 0.5785536153846154 0.030796875000000057 0.1338653365384615
1 0.9321015625 0.5221820456730769 0.035515624999999974 0.06466334134615383
1 0.9204375000000001 0.4939526177884615 0.015249999999999986 0.025461346153846123
1 0.49453125 0.48837905288461536 0.014874999999999972 0.08134663461538463
1 0.9045390624999998 0.5613092271634615 0.018265625000000004 0.16795511298076923
1 0.6157578125000001 0.35875311778846153 0.014171874999999997 0.020748129807692257
1 0.3960859375 0.4192892764423076 0.009484374999999955 0.029451370192307678
1 0.3696640625 0.4196508725961539 0.00814062500000003 0.03311720673076923
1 0.3627421875 0.4177556105769231 0.005859375 0.030723192307692358
1 0.9553046875 0.5623441394230769 0.030546874999999956 0.16548628365384618
