1 0.1446875 0.56578125 0.03975 0.09877083173076927
1 0.118875 0.5677187499999999 0.028906249999999998 0.08810416826923075
1 0.8168046875 0.49552083413461534 0.02117187500000001 0.04575000000000003
1 0.9592656249999999 0.5421770829326923 0.016406249999999973 0.04239583413461542
1 0.102625 0.56034375 0.011906250000000007 0.08797916826923077
1 0.6834609375 0.4921979170673077 0.025671874999999907 0.051354165865384646
1 0.32840625000000007 0.4935625 0.02678124999999998 0.05433333173076923
1 0.243921875 0.5889375 0.01053125 0.030916668269230767
1 0.0539609375 0.6065833341346154 0.012390624999999997 0.013749999999999997
1 0.7597109375000001 0.4846666658653846 0.033453124999999966 0.06287500000000001
1 0.8531484374999999 0.4897708329326923 0.034046875 0.05391666586538458
1 0.37625 0.4815833329326923 0.025874999999999957 0.03483333413461539
1 0.040140625 0.6073958329326923 0.01728125 0.013958334134615395
1 0.49038461538461536 0.4963942307692308 0.9783653846153846 0.11057692307692307
