1 0.19777000000000003 0.8078235300480769 0.1217 0.3445294110576923
1 0.32313 0.7959117644230769 0.12654 0.3275294134615384
1 0.57291 0.45479411778846146 0.11365999999999997 0.1987647067307692
1 0.95109 0.6203235288461537 0.012019999999999972 0.02558823557692304
1 0.95258 0.7185735288461539 0.06011999999999992 0.18367647115384622
1 0.92228 0.69775 0.03008000000000002 0.1379705865384615
1 0.05968 0.7657647055288461 0.046759999999999996 0.16811764663461537
1 0.88299 0.6716323533653845 0.03001999999999997 0.08991176442307697
1 0.82462 0.6258529411057693 0.015200000000000102 0.036764704326923144
1 0.9065399999999999 0.6866029411057692 0.024200000000000034 0.128088233173077
1 0.8578799999999999 0.6707352932692309 0.023999999999999952 0.09082352884615379
1 0.29182 0.7095441177884615 0.037280000000000015 0.1536764711538462
1 0.8453999999999999 0.6721029411057692 0.020760000000000042 0.05708823317307699
1 0.49759615384615385 0.7752403846153846 0.9939903846153846 0.44471153846153844
