1 0.7516875 0.57978125 0.10112499999999996 0.3820208317307693
1 0.5755546875 0.5940104170673076 0.13651562500000003 0.39327083413461533
1 0.6046015625 0.38003125000000004 0.060265625000000024 0.1639791682692308
1 0.6603437499999999 0.35626041706730766 0.0681875000000001 0.21602083413461534
1 0.9785703124999999 0.1920729170673077 0.04285937499999999 0.09035416586538461
1 0.9389609375 0.35938541586538464 0.11001562500000002 0.28168750000000004
1 0.37871093749999996 0.1305 0.048421874999999975 0.10466666826923077
1 0.5165703125 0.4202291658653846 0.08932812500000004 0.305625
1 0.4451796875 0.33861458293269237 0.08185937499999997 0.22510416586538465
1 0.3152578125 0.35557291706730765 0.067765625 0.1542291658653846
1 0.2798203125 0.37341666706730775 0.05042187499999999 0.1105833341346154
1 0.7119218749999999 0.12844791706730768 0.05396874999999991 0.16114583413461542
1 0.8801171874999999 0.25769791586538465 0.08373437500000004 0.10831250000000002
1 0.4987980769230769 0.22956730769230768 0.9975961538461539 0.45913461538461536
