1 0.46289843750000004 0.6353229158653846 0.277296875 0.49931250000000005
1 0.1915390625 0.6926770829326923 0.044515624999999975 0.1633958341346153
1 0.6749999999999999 0.67978125 0.07921874999999996 0.27639583173076926
1 0.586125 0.6824375 0.06309375000000003 0.2220416682692308
1 0.890796875 0.714125 0.04840625 0.09879166826923075
1 0.1549140625 0.6980520841346155 0.040890625 0.1549375
1 0.132625 0.6979166670673076 0.02362499999999999 0.05620833413461545
1 0.08232031249999999 0.6915416658653846 0.053359375 0.19274999999999992
1 0.768078125 0.7205416658653845 0.04231250000000008 0.11162499999999995
1 0.35496875 0.7070624999999999 0.028218749999999942 0.05641666826923078
1 0.7766484374999999 0.67040625 0.02473437500000008 0.07922916826923079
1 0.929265625 0.7312500000000001 0.032843750000000026 0.05729166826923072
1 0.5225000000000001 0.6862916658653847 0.032187500000000036 0.07725000000000005
1 0.5012019230769231 0.7055288461538461 0.6862980769230769 0.17668269230769232
