1 0.3446640625 0.6411979170673077 0.527515625 0.6988958341346154
1 0.6521953125000001 0.61765625 0.029546874999999966 0.14672916826923083
1 0.6915 0.6015729158653846 0.028687499999999925 0.11693750000000004
1 0.611234375 0.6316979170673077 0.05131250000000001 0.21872916586538454
1 0.798828125 0.6340104170673077 0.05868749999999997 0.15747916586538463
1 0.8413593749999999 0.53796875 0.011218749999999935 0.01852083173076924
1 0.10365624999999999 0.5430416670673076 0.01396875 0.040833334134615346
1 0.7272031250000001 0.6154895829326923 0.029375000000000064 0.10989583413461532
1 0.7783125000000001 0.5725104158653846 0.023374999999999976 0.07993750000000005
1 0.950015625 0.61934375 0.016312500000000004 0.051812499999999935
1 0.903640625 0.6531666670673076 0.07962499999999992 0.27654166586538464
1 0.8318671874999999 0.60459375 0.033453124999999966 0.15443750000000003
1 0.029523437500000003 0.6671041658653846 0.044265625 0.2725
1 0.4987980769230769 0.6370192307692307 0.9975961538461539 0.24519230769230768
