1 0.48876562500000004 0.6955104170673077 0.1955 0.5865208341346153
1 0.614671875 0.3777916670673077 0.03696874999999991 0.13954166586538466
1 0.92359375 0.5393229170673077 0.09099999999999998 0.37302083413461534
1 0.32292187499999997 0.42128124999999994 0.061437499999999985 0.1863125
1 0.40410156249999996 0.44062500000000004 0.04082812499999999 0.11945833173076927
1 0.2460390625 0.4418854170673078 0.060890625000000004 0.19035416586538462
1 0.09671874999999999 0.46285416586538464 0.04390625 0.226875
1 0.070546875 0.3685729170673077 0.030499999999999996 0.09397916586538457
1 0.5843359375 0.5263125 0.085359375 0.3291666682692308
1 0.0153671875 0.3676041670673077 0.022984375 0.07366666586538467
1 0.033828125 0.4085625 0.035562500000000004 0.12674999999999995
1 0.053265625 0.3620520841346154 0.015125000000000003 0.05968750000000003
