1 0.8658203124999999 0.7513333329326923 0.03657812499999999 0.2623333341346154
1 0.9013359375000001 0.77625 0.043765625000000016 0.28072222115384615
1 0.0249609375 0.7265138894230769 0.034734375 0.15575000000000008
1 0.9442421875 0.7761944447115384 0.05135937499999999 0.3136111105769231
1 0.5791171875 0.6674027776442308 0.05457812499999999 0.1275833341346154
1 0.916625 0.6574722223557692 0.010718750000000008 0.08427777644230773
1 0.9916796875 0.7199305552884616 0.016640625000000034 0.16013888942307689
1 0.9705546875000001 0.7522361105769231 0.03314062499999997 0.30186111057692305
1 0.6866249999999999 0.34075 0.04362499999999992 0.06477777884615382
1 0.6533203125 0.6401111117788462 0.027890624999999912 0.0834444447115385
