1 0.885609375 0.43773012499999997 0.04346874999999993 0.23575313942307694
1 0.848453125 0.4506799158653846 0.06512499999999996 0.2308158990384615
1 0.234828125 0.3978451887019231 0.04753124999999999 0.1919665264423077
1 0.2801796875 0.39967573197115386 0.05220312499999999 0.18290794951923078
1 0.1300625 0.4366213389423077 0.038312500000000006 0.2142050192307692
1 0.6454687499999999 0.3420292884615384 0.03506250000000003 0.09782426923076923
1 0.0835625 0.4473012548076923 0.03653125000000001 0.2134309615384615
1 0.12104687500000001 0.389633890625 0.0233125 0.05943514663461538
1 0.6799999999999999 0.3553556490384615 0.038656250000000045 0.05531380769230772
1 0.7039453125 0.34629707211538463 0.03448437500000004 0.08230125480769232
1 0.723265625 0.35119246875 0.021000000000000112 0.08623430769230768
1 0.7558125 0.42927824158653843 0.047281249999999955 0.2299790793269231
1 0.2112890625 0.383211296875 0.04123437499999998 0.1790167379807692
1 0.4074519230769231 0.42908653846153844 0.7596153846153846 0.26322115384615385
