1 0.39064 0.5930202307692307 0.40032 0.7935549134615384
1 0.71766 0.5187283245192308 0.19748000000000013 0.8404624278846153
1 0.08370000000000001 0.1263728329326923 0.042080000000000006 0.16945086778846155
1 0.03424 0.12403179206730769 0.057 0.17130057932692305
1 0.38376 0.05741329447115384 0.010040000000000049 0.02898843990384616
1 0.27433 0.11750000000000001 0.03610000000000001 0.04690751442307692
1 0.48704000000000003 0.08527456610576924 0.06959999999999998 0.05806358413461539
1 0.39472 0.053222543269230774 0.00795999999999995 0.017601153846153846
1 0.45544999999999997 0.04336705288461539 0.012340000000000018 0.01783237019230769
1 0.31561000000000006 0.056575145432692306 0.028660000000000012 0.034768786057692305
