1 0.40675 0.47807058774038463 0.10262500000000002 0.3584941177884616
1 0.29885937500000004 0.5744352944711538 0.07846874999999996 0.4602588245192308
1 0.6184999999999999 0.7074588233173077 0.17796874999999993 0.53717646875
1 0.8624687500000001 0.47027058894230767 0.05865625000000003 0.15978823557692307
1 0.101546875 0.49768235336538463 0.06565625 0.13818823557692303
1 0.7248671875 0.4520588233173077 0.027765625 0.08717646875
1 0.6955859375 0.463 0.04092187500000003 0.13009411538461535
1 0.6683671875 0.46270588221153847 0.022265625000000108 0.12785882211538466
1 0.8129921875 0.46608235336538467 0.07401562500000002 0.19117647115384617
1 0.9730468750000001 0.47936470552884614 0.04878125000000001 0.22851764663461532
1 0.7619765625 0.4769294122596153 0.038796874999999995 0.15870588221153847
1 0.9798281249999999 0.5111294110576924 0.04034375000000004 0.27576470673076925
1 0.511671875 0.4441294110576923 0.012187499999999983 0.02858823557692302
1 0.27524038461538464 0.4831730769230769 0.5480769230769231 0.21394230769230768
