1 0.8432968750000001 0.8719220048076923 0.1840312499999999 0.22022284134615389
1 0.5856796875 0.8926462391826924 0.071765625 0.1703621177884616
1 0.49051562500000007 0.8812395540865385 0.12915625000000003 0.2375208918269231
1 0.17560156249999997 0.7533844002403847 0.13139062499999998 0.3040389975961539
1 0.3547265625 0.8138997223557692 0.08998437499999995 0.17922005528846155
1 0.27021875 0.7512395552884616 0.12412500000000003 0.3584679663461539
1 0.1758671875 0.6183426189903846 0.11254687499999999 0.20186629567307696
1 0.22157812500000001 0.5692896935096153 0.04390625 0.15846796874999994
1 0.35869531250000003 0.9406685240384616 0.139921875 0.11866295192307692
1 0.50946875 0.940083564903846 0.12587500000000001 0.11983287019230773
1 0.2073515625 0.9244011141826923 0.181671875 0.15119777163461542
1 0.7898203125 0.8333147632211537 0.09526562499999996 0.2689693581730768
1 0.661390625 0.8393593317307693 0.17921875 0.3212813365384615
1 0.5 0.6382211538461539 0.9963942307692307 0.6574519230769231
