1 0.577375 0.25660798076923075 0.17350000000000004 0.2584272307692307
1 0.8274921875000001 0.3 0.2813906250000001 0.4727230048076923
1 0.4877265625 0.22620892067307694 0.05976562500000003 0.10246478846153848
1 0.33890625 0.23566901322115383 0.05015624999999995 0.07579812259615386
1 0.7580234375000001 0.5887676057692308 0.483953125 0.7955164326923078
1 0.19520312499999998 0.5831455396634616 0.38740625 0.8067605649038462
1 0.41520312499999995 0.21719483533653844 0.03909375000000001 0.07420187740384615
1 0.239296875 0.24187793389423076 0.08106250000000002 0.08877934374999998
1 0.21070312500000002 0.292159625 0.29931250000000004 0.29305164423076924
1 0.7175703125 0.27333333413461536 0.10401562499999993 0.16347417788461538
