1 0.14189000000000002 0.5405466670673077 0.18918000000000001 0.7590133341346154
1 0.23764 0.35842666586538463 0.14496 0.34384000000000003
1 0.29965 0.35825333293269235 0.08242000000000003 0.3471733341346154
1 0.52572 0.44476 0.12052000000000003 0.42306666826923084
1 0.6442599999999999 0.3931866658653846 0.1220000000000001 0.39655999999999997
1 0.7769600000000001 0.46030666706730766 0.16179999999999992 0.5932533341346155
1 0.87796 0.38370666706730766 0.05432000000000004 0.24261333413461536
1 0.8873099999999999 0.31032 0.02438000000000005 0.05573333173076925
1 0.95164 0.3302933329326923 0.07196000000000001 0.1330133341346154
1 0.92347 0.32546666586538464 0.02234000000000008 0.04831999999999999
1 0.08734 0.2409333329326923 0.0708 0.12389333413461537
