1 0.2767265625 0.4699479170673077 0.056546874999999996 0.16939583413461534
1 0.13974999999999999 0.47446875 0.026093749999999992 0.08014583173076922
1 0.12104687500000001 0.48550000000000004 0.0166875 0.06874999999999999
1 0.912734375 0.5304166670673077 0.03662499999999998 0.16383333413461543
1 0.0693125 0.4767395829326923 0.015593750000000005 0.05622916586538462
1 0.087046875 0.47409375000000004 0.012093749999999997 0.06581250000000004
1 0.92325 0.45746875000000004 0.025968749999999992 0.05377083173076921
1 0.899328125 0.5013333329326923 0.023500000000000024 0.17895833413461537
1 0.10527343750000001 0.48067708293269223 0.020078125 0.08202083413461538
1 0.046109375 0.4633020841346154 0.013218750000000005 0.03368750000000002
1 0.057328125 0.4737083329326923 0.013218749999999998 0.050916665865384604
1 0.1455546875 0.4608020829326923 0.009828124999999991 0.0322291658653846
1 0.8760312499999999 0.4721979170673076 0.027031249999999875 0.06752083413461542
1 0.06850961538461539 0.46634615384615385 0.025240384615384616 0.05889423076923077
