1 0.6904765625 0.6114871189903845 0.202859375 0.47524590144230766
1 0.7518906249999999 0.43196721394230764 0.08012499999999999 0.3884309134615384
1 0.703125 0.18231850120192306 0.11678125000000004 0.19704918028846155
1 0.2099921875 0.14728337139423076 0.10789062500000002 0.28777517548076925
1 0.48052343749999993 0.11348946153846154 0.073453125 0.21348946153846154
1 0.6017500000000001 0.1777868858173077 0.09246875000000003 0.21079625240384614
1 0.63696875 0.06706088942307692 0.07968749999999994 0.13412177884615384
1 0.916125 0.13419203725961537 0.08012499999999999 0.26838407451923074
1 0.9761015625 0.09326697836538463 0.047796875000000065 0.17580796153846154
1 0.14242968749999999 0.21011709615384613 0.09295312499999998 0.1775175625
1 0.0496015625 0.19242388701923077 0.09882812499999999 0.21843091346153842
1 0.5898671875 0.0391334891826923 0.06489062500000004 0.07704918028846154
1 0.0488359375 0.10948477764423077 0.097671875 0.21367681490384613
1 0.5637019230769231 0.109375 0.8641826923076923 0.2127403846153846
