1 0.4784375 0.4011058822115385 0.19249999999999995 0.4831529423076923
1 0.09784375000000001 0.3100705877403846 0.03896875000000001 0.11355293990384616
1 0.6402578125 0.40583529447115385 0.32351562500000003 0.6639529399038461
1 0.848125 0.40169411778846154 0.11821874999999994 0.46559999999999996
1 0.38021875 0.454011765625 0.2175625 0.5097176466346155
1 0.5827265625 0.41797646995192306 0.12385937500000005 0.6067294110576923
1 0.20274999999999999 0.3926705877403846 0.11440625000000001 0.33908235336538467
1 0.0570234375 0.42957646995192306 0.11001562499999998 0.4039058822115384
1 0.0519453125 0.29330588341346153 0.06642187499999999 0.21230588221153843
1 0.07954687499999999 0.3190470588942308 0.04753125000000001 0.13014117548076926
1 0.13996875 0.3970941165865384 0.06415625 0.33230588221153845
1 0.26153125 0.35377647115384614 0.04421874999999999 0.19621176442307692
1 0.2404296875 0.3808 0.05667187500000001 0.2487529423076923
