1 0.17766355168269232 0.6641484375 0.03654205528846156 0.03454687499999993
1 0.8434345793269231 0.9258437500000001 0.2150467307692307 0.12584375
1 0.23350467307692307 0.6592421874999999 0.03710280288461538 0.03770312500000003
1 0.08309579447115384 0.6427656249999999 0.01955607451923077 0.01403125000000011
1 0.20141355168269232 0.6378125 0.020303737980769256 0.012468750000000028
1 0.017044391826923078 0.6539921875 0.023481307692307694 0.01570312499999993
1 0.26203271033653847 0.6656640625 0.05350467067307692 0.03582812499999996
1 0.16022196274038464 0.638 0.02633177644230768 0.014874999999999972
1 0.5579088786057693 0.6048671875 0.008574766826923085 0.013609374999999976
1 0.2600467295673077 0.6321328125000001 0.008551401442307696 0.010640624999999942
1 0.2599883185096154 0.634546875 0.043574766826923086 0.01949999999999992
