1 0.382765625 0.6618406598557692 0.18662499999999999 0.6763186802884615
1 0.17636718750000002 0.637051282451923 0.296015625 0.7258974350961539
1 0.8090468749999999 0.6452472524038462 0.2763124999999999 0.7095054951923078
1 0.66546875 0.5035622704326923 0.05209374999999998 0.19397435817307698
1 0.6331875 0.47736263701923076 0.030437500000000083 0.11476190384615383
1 0.6047578125 0.47488095192307694 0.032265625000000034 0.11254578846153848
1 0.46847656249999997 0.4879212451923077 0.037953125 0.13723443269230773
1 0.9370468750000001 0.47313186778846156 0.054281249999999906 0.16369963461538456
1 0.1026328125 0.4647893774038461 0.049765625 0.08598900961538458
1 0.5564765625 0.49236263822115384 0.04804687500000003 0.07893772836538464
1 0.24389843749999998 0.5277014651442308 0.033890625 0.06587912259615382
1 0.009999999999999998 0.5242216117788462 0.01896875 0.08243589663461542
1 0.4533828125 0.4681043954326923 0.019046874999999977 0.09701465144230767
1 0.5817307692307693 0.4735576923076923 0.3076923076923077 0.1045673076923077
