1 0.6453203125000001 0.7229453677884615 0.138203125 0.5511638942307692
1 0.6415546875 0.4134798100961538 0.10348437499999999 0.26068883653846153
1 0.8336875 0.6844061766826923 0.26478125 0.36406175721153844
1 0.39142968749999996 0.6922684086538461 0.09401562499999994 0.2835391923076923
1 0.2010390625 0.4797862235576923 0.091640625 0.4741567692307693
1 0.0991328125 0.4776009495192307 0.078140625 0.4327315913461538
1 0.1417734375 0.4099287415865384 0.03185937500000001 0.19482185336538466
1 0.5498203125000001 0.4639904987980769 0.06367187499999996 0.1677909735576923
1 0.46728906249999996 0.41876484495192307 0.03648437499999995 0.05947743509615386
1 0.4009140625 0.4740261286057692 0.052046875 0.17555819471153844
