1 0.9301250000000001 0.7364093137019232 0.049187499999999974 0.21669117548076924
1 0.8567890625000001 0.7499019603365386 0.041390625000000014 0.22029411778846159
1 0.1366640625 0.7 0.052578125 0.20166666826923071
1 0.46874218749999996 0.7018627451923076 0.04179687499999997 0.1748529423076923
1 0.756078125 0.6718627451923077 0.019718749999999938 0.10539215865384619
1 0.8889375 0.7441176466346154 0.04837500000000006 0.2223529423076922
1 0.8259296875 0.6418382355769231 0.014609374999999968 0.06269607692307687
1 0.7682421875000001 0.6684926478365385 0.020359375000000093 0.10659313701923079
1 0.7063125 0.6461274507211539 0.015468750000000005 0.06112744951923087
1 0.6872968749999999 0.6250490204326924 0.007968749999999995 0.039607843750000024
1 0.6302187499999999 0.7160784314903845 0.07640624999999993 0.24857843028846152
1 0.9772734375 0.7249019603365384 0.04545312500000001 0.26333333413461535
1 0.9124531250000001 0.6143259795673076 0.00965624999999999 0.021593137019230754
1 0.4795673076923077 0.6887019230769231 0.9591346153846154 0.2091346153846154
