1 0.611796875 0.587638889423077 0.34634375000000006 0.7932777788461538
1 0.033703125 0.7009027776442308 0.06740625 0.19347222355769222
1 0.21567968749999997 0.2715833341346154 0.10364062500000001 0.2511111105769231
1 0.8742578124999999 0.15802777764423076 0.09848437499999996 0.3160555552884615
1 0.9416015625 0.35175 0.10973437499999997 0.5047777788461538
1 0.9007968749999999 0.7222777776442307 0.19840624999999995 0.5004444447115385
1 0.119453125 0.28090277764423077 0.0948125 0.22919444471153844
1 0.8067109375 0.5297638882211538 0.13064062499999998 0.1908055552884615
1 0.0303359375 0.25886111057692307 0.060671875 0.271888889423077
1 0.1902421875 0.12472222115384615 0.06951562499999998 0.2135
1 0.3102421875 0.2090416670673077 0.08385937500000001 0.3615833341346154
1 0.6169609375 0.1487083341346154 0.11770312499999996 0.25586111057692307
1 0.2627421875 0.23193055528846157 0.06220312500000002 0.30225
1 0.4987980769230769 0.41346153846153844 0.9975961538461539 0.8269230769230769
