1 0.5197109375 0.5258541658653846 0.07248437500000002 0.2537499999999999
1 0.245484375 0.6451875 0.04943750000000001 0.25950000000000006
1 0.4159453125 0.3852395829326923 0.07629687499999999 0.27047916586538456
1 0.34455468749999996 0.4972083329326923 0.055015624999999964 0.24341666586538463
1 0.042765625 0.72921875 0.0703125 0.3787708317307693
1 0.3000625 0.0759583329326923 0.03428125000000003 0.04929166586538461
1 0.2469140625 0.094375 0.032015625 0.06741666826923076
1 0.0768203125 0.1027604170673077 0.030015624999999997 0.0689791658653846
1 0.18345312499999997 0.1155520829326923 0.036468750000000015 0.0460208341346154
1 0.6333984374999999 0.02796875 0.0344843749999999 0.04597916826923077
1 0.7702265625000001 0.9505625 0.138203125 0.07191666826923086
1 0.21029687500000002 0.96534375 0.18275 0.06931250000000001
1 0.912890625 0.8225416670673078 0.17421875000000006 0.32383333413461546
1 0.43990384615384615 0.14302884615384615 0.8798076923076923 0.2848557692307692
