1 0.25389447235576923 0.34253125 0.3644053581730769 0.6585000000000001
1 0.6124371850961539 0.0677578125 0.08266331730769234 0.09223437500000001
1 0.38942211057692305 0.12662500000000002 0.07887772115384614 0.0613125
1 0.18790619711538464 0.6630703124999999 0.25534338461538464 0.40898437500000007
1 0.35643215985576926 0.089984375 0.07896147355769237 0.11284374999999999
1 0.06041876081730769 0.0720546875 0.05916247836538461 0.08742187499999998
1 0.3292378557692308 0.1206015625 0.04443886057692307 0.049953124999999994
1 0.5579815745192308 0.1523203125 0.032814072115384625 0.04973437499999999
1 0.1593132331730769 0.09784375000000001 0.05544388461538463 0.05562500000000001
1 0.3934422103365385 0.05994531250000001 0.05201005048076922 0.080296875
1 0.3157286430288462 0.0709609375 0.05005025240384615 0.063421875
1 0.2890536009615384 0.093421875 0.041557788461538486 0.06534375
1 0.6942127307692308 0.062390625 0.08715242788461548 0.11309375
1 0.4375 0.11899038461538461 0.7992788461538461 0.2091346153846154
