1 0.5044687499999999 0.6090729170673076 0.04575000000000003 0.14377083413461536
1 0.47839843750000005 0.614 0.05260937500000002 0.12862500000000002
1 0.701171875 0.6922604158653846 0.021593749999999873 0.06381249999999998
1 0.7940937499999999 0.7070208329326922 0.02115624999999997 0.06229166586538467
1 0.7524765625000001 0.6973645829326924 0.02126562499999998 0.050229165865384603
1 0.9307187499999999 0.6780312500000001 0.015687500000000024 0.033770831730769155
1 0.8433828125 0.6288750000000001 0.012203124999999888 0.02791666826923086
1 0.8031562500000001 0.6074375 0.009343750000000001 0.029458331730769196
1 0.975875 0.8689479170673077 0.044124999999999984 0.10214583413461534
1 0.7956796875 0.6089374999999999 0.006484374999999978 0.01983333173076922
1 0.703875 0.5930416658653846 0.010656249999999982 0.02374999999999999
1 0.7264453124999999 0.6003229170673077 0.007796874999999959 0.02277083413461539
1 0.7436171874999999 0.6915 0.007421875000000082 0.02320833173076928
1 0.6165865384615384 0.5685096153846154 0.6670673076923077 0.1622596153846154
