1 0.5019687500000001 0.45217798557692307 0.36846875 0.5495550336538462
1 0.19590625 0.3114168617788462 0.03840625000000001 0.11515222355769233
1 0.22524999999999998 0.3103161598557692 0.03090625 0.08967213221153846
1 0.1484921875 0.34409836057692306 0.039609374999999995 0.07550351442307693
1 0.40539062499999995 0.22161592548076925 0.014156249999999955 0.05377049038461537
1 0.45107812500000005 0.19941451923076922 0.007843750000000012 0.03250585576923077
1 0.8727890625 0.19040983533653846 0.03598437499999996 0.10634660336538461
1 0.051765625 0.321498828125 0.05028124999999999 0.07536299759615384
1 0.26191406250000004 0.2426814987980769 0.023421874999999995 0.08194379567307694
1 0.2413984375 0.27682669831730766 0.03807812500000001 0.09683840624999998
1 0.166046875 0.33070257572115386 0.03146874999999998 0.06932084374999999
1 0.055609374999999996 0.31016393509615386 0.0325 0.07011709615384612
1 0.077828125 0.31189695552884616 0.03140625 0.05775175721153843
1 0.5552884615384616 0.33653846153846156 0.5637019230769231 0.4326923076923077
