1 0.7218515625 0.43533957932692313 0.11042187499999997 0.24084309134615386
1 0.6853515625000001 0.4198009375 0.04632812499999995 0.2396487115384616
1 0.08621093749999999 0.4584309134615384 0.08545312499999999 0.31011709615384614
1 0.1497265625 0.3202927391826923 0.03304687499999999 0.08306791586538462
1 0.5550078125 0.3984543329326923 0.046609374999999995 0.19728337259615386
1 0.4892421875 0.4537353629807693 0.06542187499999998 0.26615925
1 0.539875 0.4394262295673077 0.04290624999999997 0.22199063221153842
1 0.3275234375 0.35367681490384617 0.14092187499999997 0.43953161538461544
1 0.8327421875 0.38936768149038464 0.03564062500000002 0.17840749278846155
1 0.6479140624999999 0.4042622956730769 0.040828124999999924 0.1970960192307692
1 0.980890625 0.41346604206730764 0.03821875 0.17297423798076922
1 0.87940625 0.410620609375 0.04165625000000002 0.16428571394230765
1 0.9111718750000001 0.41110070192307696 0.030093750000000013 0.1407494134615384
