1 0.24842968750000002 0.566358313701923 0.15492187500000001 0.2558079639423077
1 0.3623515625 0.5543676814903846 0.10376562499999996 0.3032084302884615
1 0.4960234375 0.07033957812500001 0.126265625 0.12250585336538461
1 0.8746328125 0.6844847776442309 0.132171875 0.51548009375
1 0.8276796875 0.16833723677884616 0.05714062499999993 0.07990632451923076
1 0.82878125 0.12468384134615386 0.0542500000000001 0.134238875
1 0.9638281249999999 0.5463934423076923 0.07087499999999995 0.29522248076923074
1 0.22544531250000002 0.5913348942307692 0.147796875 0.2119437932692308
1 0.4195703125 0.21531615985576924 0.06101562499999998 0.20487119471153845
1 0.60365625 0.10430913341346154 0.07365625000000005 0.1606557379807692
1 0.5223359375000001 0.2449414519230769 0.051109375000000026 0.14964871153846152
1 0.992046875 0.16080796153846155 0.015906250000000045 0.09360655769230769
1 0.209203125 0.14076112379807693 0.07575 0.13355971874999997
1 0.5036057692307693 0.11057692307692307 0.9891826923076923 0.21514423076923078
