1 0.48905208413461543 0.7217812499999999 0.13418749999999993 0.233375
1 0.5534583341346154 0.6687421875 0.068125 0.21860937500000005
1 0.39871874999999996 0.65053125 0.13689583173076925 0.15290625000000002
1 0.20889583293269232 0.6813671875 0.07020833413461541 0.13417187499999997
1 0.53046875 0.5115078125 0.05247916826923076 0.05420312499999998
1 0.5323854158653846 0.47992187499999994 0.02268749999999997 0.036718750000000015
1 0.6588020829326923 0.539796875 0.04014583413461527 0.08518749999999997
1 0.6189375 0.473546875 0.028750000000000088 0.04046875000000002
1 0.7175624999999999 0.5688671875 0.04154166826923067 0.04448437500000003
1 0.7473541658653846 0.5726171875 0.053750000000000034 0.04082812499999999
1 0.16218749999999998 0.5279296874999999 0.03658333173076925 0.06532812500000001
1 0.9408124999999999 0.5385 0.03537500000000002 0.06809375
1 0.88671875 0.5923125 0.06331249999999991 0.13003125000000004
