1 0.6487578125 0.8641458341346154 0.05404687499999998 0.1905000000000001
1 0.5344296875 0.8521875 0.042609374999999956 0.22124999999999992
1 0.0475 0.877 0.0749375 0.24341666826923086
1 0.1526796875 0.8223125 0.032578124999999986 0.12650000000000006
1 0.1951796875 0.83125 0.02614062500000003 0.10954166826923083
1 0.9820625000000001 0.8230833341346153 0.03449999999999994 0.14975
1 0.3763125 0.8013645841346153 0.033437499999999995 0.10818750000000008
1 0.469765625 0.8237395829326923 0.03512499999999999 0.1392291658653846
1 0.700640625 0.7936458329326924 0.02768750000000007 0.08820833413461547
1 0.596796875 0.8602291658653846 0.05218750000000002 0.22099999999999995
1 0.2939921875 0.7979999999999999 0.01720312500000002 0.08470833173076929
1 0.3138125 0.8016458329326923 0.02062500000000003 0.0916666658653846
1 0.10564843749999998 0.8339999999999999 0.031984375 0.13420833173076924
1 0.6346153846153846 0.8185096153846154 0.6237980769230769 0.19110576923076922
