1 0.3173359375 0.7568544603365385 0.07876562500000002 0.22985915624999992
1 0.29959375 0.6519366201923078 0.0234375 0.049882629807692425
1 0.1134921875 0.7358333341346154 0.05682812500000001 0.17011737019230766
1 0.043554687499999994 0.7296713617788462 0.030609374999999994 0.20953051682692306
1 0.1336015625 0.707769953125 0.03873437499999999 0.18338028125000003
1 0.2024921875 0.7344718305288461 0.047140625000000005 0.1858450697115385
1 0.2291328125 0.7301056334134616 0.026546874999999987 0.1714319254807692
1 0.2649765625 0.7182863846153846 0.03135937500000001 0.1703755865384615
1 0.3689296875 0.6445774639423077 0.022734374999999956 0.08089201923076925
1 0.39365625 0.7613497656250001 0.049874999999999975 0.22326291105769228
1 0.434015625 0.6754929579326923 0.045968749999999975 0.12699530528846156
1 0.0842890625 0.7216314555288462 0.033421875 0.17964788701923076
1 0.628578125 0.707640844951923 0.026156249999999933 0.037300468750000024
1 0.3112980769230769 0.6634615384615384 0.515625 0.17548076923076922
