1 0.70134 0.6086133329326923 0.46308 0.7649066658653846
1 0.46431999999999995 0.5445599999999999 0.12304000000000001 0.24944000000000002
1 0.57538 0.49469333293269224 0.14396 0.1988266658653846
1 0.16191000000000003 0.45439999999999997 0.10922000000000001 0.2487466682692308
1 0.12261999999999998 0.43336 0.045919999999999996 0.08597333173076922
1 0.9393 0.4911066670673077 0.08131999999999998 0.14669333413461538
1 0.86219 0.4875866670673077 0.09777999999999992 0.19101333413461538
1 0.89724 0.46492 0.04055999999999994 0.1192266682692308
1 0.8854399999999999 0.3806933329326923 0.02879999999999997 0.062453334134615415
1 0.10465999999999999 0.3692533329326923 0.0332 0.07578666586538454
1 0.9766199999999999 0.4258933329326923 0.02328000000000002 0.020266665865384573
1 0.96986 0.5631333329326923 0.06028000000000001 0.24434666586538467
1 0.25766 0.6322933341346153 0.46992000000000006 0.73456
1 0.2668269230769231 0.3641826923076923 0.5336538461538461 0.30528846153846156
