1 0.297515625 0.7760897439903846 0.06384374999999999 0.2878632475961538
1 0.36152343750000004 0.777991451923077 0.07223437499999999 0.23769230769230767
1 0.284625 0.696741453125 0.08771874999999997 0.3968589735576924
1 0.2270078125 0.6322435901442307 0.043890624999999996 0.2467094014423077
1 0.09621875 0.6396367524038461 0.09668749999999998 0.2923504278846154
1 0.408453125 0.7117094014423077 0.10540625000000005 0.36935897596153855
1 0.5060546875 0.7984294867788463 0.08882812500000004 0.2115598293269231
1 0.740703125 0.7132051286057692 0.10174999999999994 0.3906410264423077
1 0.792921875 0.6981303425480768 0.05287499999999996 0.38955128125000005
1 0.8321484375 0.7115277776442308 0.08051562500000004 0.35386752163461543
1 0.9045546875 0.5693803425480769 0.03539062500000006 0.11294871874999995
1 0.25640625 0.5359081201923076 0.028062499999999983 0.07835470192307696
