1 0.7218199999999999 0.6619969975961539 0.14756000000000008 0.26477477403846156
1 0.8196199999999999 0.44444444350961543 0.057160000000000065 0.19165165144230772
1 0.33536 0.42980480528846154 0.007720000000000018 0.0399699711538461
1 0.11603 0.4825225228365385 0.046740000000000004 0.09399399278846157
1 0.40238999999999997 0.4593243245192307 0.02473999999999995 0.12273273076923076
1 0.61402 0.4544744735576923 0.037680000000000075 0.08438438461538461
1 0.26677 0.5874924927884615 0.12682000000000004 0.49816816826923077
1 0.8609899999999999 0.5786336334134615 0.1582199999999999 0.5557657668269231
1 0.36760000000000004 0.4359009014423077 0.012760000000000037 0.08303303365384615
1 0.54728 0.4892042043269231 0.04263999999999998 0.09696696634615384
1 0.52854 0.5071021021634615 0.030240000000000045 0.07366366586538466
1 0.3798 0.42208708774038467 0.011039999999999973 0.01690690624999995
1 0.43197 0.4673273269230769 0.026500000000000003 0.07033033173076923
1 0.43028846153846156 0.4639423076923077 0.2283653846153846 0.1346153846153846
