1 0.379015625 0.20654566706730768 0.11656250000000003 0.39740046874999996
1 0.494671875 0.2852459026442308 0.11678125000000004 0.24355971875000001
1 0.9730000000000001 0.6202341911057693 0.054 0.3807962524038462
1 0.16896093750000002 0.19884075 0.130515625 0.23768150000000002
1 0.07421875 0.6179508185096154 0.1484375 0.7453629975961539
1 0.9449921875 0.48189695552884615 0.019671875000000092 0.0866042139423077
1 0.874890625 0.5213231850961539 0.03593750000000011 0.03599531730769231
1 0.08021874999999999 0.3786533966346154 0.050312499999999996 0.18962529326923075
1 0.1038125 0.3777634663461539 0.03853124999999999 0.16887587980769234
1 0.8207578125 0.5263817331730769 0.016453125000000093 0.03365339423076921
1 0.25734375 0.15844262259615385 0.10918749999999999 0.2545433269230769
