1 0.3291015625 0.70878125 0.10451562499999999 0.2184375
1 0.48503124999999997 0.5509895829326923 0.05668749999999999 0.06272916586538464
1 0.508390625 0.5169583341346153 0.04356250000000003 0.08325000000000002
1 0.8506562500000001 0.6559583329326923 0.13393750000000004 0.30295833413461537
1 0.76096875 0.5534270829326923 0.07784374999999996 0.11152083413461536
1 0.7001171875 0.50796875 0.031734374999999884 0.04347916826923077
1 0.856625 0.5319270829326923 0.03596874999999992 0.06502083413461544
1 0.985484375 0.6003541670673077 0.02678124999999991 0.14079166586538455
1 0.6729687500000001 0.5296770829326923 0.03296874999999994 0.0809791658653846
1 0.6924531250000001 0.4908958341346154 0.010937500000000027 0.024125000000000004
1 0.6306796875 0.6252500000000001 0.09582812500000006 0.238125
1 0.84825 0.48393749999999996 0.01368750000000004 0.03883333173076921
1 0.17634375000000002 0.7210729170673077 0.03946874999999999 0.08014583413461537
1 0.6754807692307693 0.5228365384615384 0.4411057692307692 0.13341346153846154
