1 0.8925292740384616 0.4796015625 0.0770023413461539 0.06501562499999995
1 0.8312997656250001 0.44461718750000007 0.05384074759615391 0.111828125
1 0.8630913341346154 0.4425703125 0.031100701923077005 0.092640625
1 0.8037822019230769 0.31155468750000004 0.04255269230769224 0.03951562499999998
1 0.5525058545673077 0.559046875 0.25967213221153845 0.21828125
1 0.964262294471154 0.3870546875 0.05199063221153835 0.054296875000000015
1 0.8323067908653846 0.32724218749999995 0.03313817307692309 0.031140625000000057
1 0.5691334891826922 0.2779765625 0.0438875889423077 0.031078124999999998
1 0.15708430889423075 0.36893750000000003 0.018337237980769243 0.03334375000000002
1 0.9810421538461538 0.40624218749999996 0.03468384134615381 0.08351562500000001
1 0.9906088990384615 0.4180078125 0.01878220192307695 0.08023437500000007
1 0.9566744735576923 0.3900156250000001 0.0240749423076923 0.05740625
1 0.3831264627403846 0.3189765625 0.03501170913461541 0.039359375000000016
