1 0.119171875 0.6015322584134615 0.031093750000000007 0.11854838701923082
1 0.1510078125 0.6163548377403847 0.045765625 0.08535483894230768
1 0.8122734375 0.40079032211538457 0.02182812500000007 0.06958064423076923
1 0.19728125000000002 0.2602741935096154 0.010718750000000008 0.040677420673076926
1 0.073453125 0.08654838701923076 0.012062500000000002 0.041935485576923066
1 0.045328125000000004 0.9463870973557692 0.05237499999999999 0.10722580528846151
1 0.20759375000000002 0.5757096778846154 0.05584375000000002 0.12387096634615381
1 0.7995546875 0.533870967548077 0.045328124999999955 0.10432257932692313
1 0.14413281249999998 0.29591935456730767 0.011953125000000009 0.03054838701923077
1 0.20975781250000003 0.2658870961538462 0.016640625 0.04667741826923077
1 0.16109375 0.4486290324519231 0.021218749999999995 0.06783870913461537
1 0.05196875 0.37067741947115385 0.018875 0.030516127403846127
1 0.18348437499999998 0.19887096754807693 0.008281250000000018 0.020967742788461516
1 0.43149038461538464 0.515625 0.8629807692307693 0.9615384615384616
