1 0.464078125 0.3124 0.03256249999999998 0.08070588461538462
1 0.13036718749999998 0.42324705889423075 0.016765625 0.07171764663461538
1 0.10275 0.4171294110576923 0.015281249999999998 0.0643764711538462
1 0.0816796875 0.4155411766826923 0.009703125 0.059270588942307696
1 0.0658984375 0.41671764663461536 0.014546874999999994 0.05903529326923078
1 0.20360937500000004 0.4328705877403846 0.01721874999999999 0.07152941105769231
1 0.056609375 0.4169058822115384 0.009937499999999991 0.049152942307692286
1 0.11930468750000002 0.41883529326923075 0.011515625000000003 0.06482352884615385
1 0.19205468749999996 0.42310588221153844 0.012890624999999992 0.07035294230769228
1 0.019929687499999998 0.4173882355769231 0.007890625000000002 0.042588235576923116
1 0.045328125000000004 0.41321176442307694 0.012156250000000006 0.054941177884615354
1 0.0139140625 0.41176470552884614 0.010453125 0.04969411778846154
