1 0.36422656249999996 0.29578125 0.167453125 0.4581041682692308
1 0.8800078125 0.7603333329326923 0.23998437500000003 0.32320833413461536
1 0.703984375 0.5793645829326923 0.20828125000000003 0.31502083413461546
1 0.6110703125 0.552875 0.20979687500000005 0.2732916682692308
1 0.54678125 0.55978125 0.23559374999999994 0.21935416826923074
1 0.45597656249999996 0.5742083329326924 0.181984375 0.17029166586538466
1 0.4647890625 0.47875 0.15526562500000005 0.264625
1 0.8073046875000001 0.6494375 0.22248437499999996 0.26066666826923074
1 0.926359375 0.55321875 0.07796875 0.1435625
1 0.963890625 0.5495520841346154 0.07221875000000001 0.25431250000000005
1 0.718953125 0.40921875 0.08403124999999999 0.25810416826923077
