1 0.8499531250000001 0.84048009375 0.08265625000000011 0.20522248076923072
1 0.7538359374999999 0.9093676814903845 0.03789062499999997 0.08969555048076913
1 0.6765234375000001 0.8673185012019231 0.07729687500000004 0.08840749278846165
1 0.5108828125 0.7684426237980768 0.013234375000000029 0.07271662740384613
1 0.2808828125 0.7464285709134616 0.015921875000000016 0.04606557451923088
1 0.258921875 0.7724473064903846 0.02431250000000001 0.046533959134615305
1 0.045265625000000004 0.7391100709134617 0.023156249999999996 0.06585480048076925
1 0.06930468749999999 0.7388290396634615 0.020921874999999996 0.05704918028846155
1 0.10239843750000001 0.7399063221153845 0.018828125000000008 0.06651053846153847
1 0.40473437500000004 0.8203747067307693 0.03503125000000002 0.05587822115384615
1 0.4598828125 0.7825878221153846 0.024015624999999992 0.028829038461538496
1 0.3137890625 0.7599297427884615 0.018296875000000015 0.037470725961538505
1 0.654546875 0.7472950817307692 0.012562499999999997 0.04156908653846149
1 0.4987980769230769 0.8461538461538461 0.9975961538461539 0.30288461538461536
