1 0.5035362992788461 0.5449453125 0.9262295072115385 0.910109375
1 0.8119906322115384 0.34236718749999995 0.16449648557692312 0.10289062499999999
1 0.7915925060096154 0.2961484375 0.0530679158653845 0.061578125000000004
1 0.9532552692307692 0.348671875 0.09348946153846154 0.10450000000000002
1 0.06459016346153847 0.4266875 0.12796252884615386 0.3539375
1 0.9586533954326923 0.4813125 0.08269320913461538 0.34331249999999996
1 0.831299765625 0.3279921875 0.05206089182692308 0.08695312499999999
1 0.9848243557692308 0.6476718750000001 0.0303512884615384 0.09815625000000007
1 0.7589344254807693 0.5993203125 0.1186651057692308 0.10192187499999997
1 0.8641100697115385 0.345828125 0.04807962500000001 0.054
1 0.7144847776442307 0.32106250000000003 0.05875878124999996 0.035156250000000035
