1 0.2875078125 0.7893278305288463 0.041703125 0.18941037740384628
1 0.252875 0.799752359375 0.03578124999999998 0.17412735817307692
1 0.192453125 0.7980660384615385 0.07215624999999999 0.16561320673076915
1 0.5615 0.7187264146634617 0.04228125 0.05037735817307688
1 0.31936718750000004 0.8091509435096154 0.02179687499999999 0.11400943509615388
1 0.3349609375 0.8133726406249999 0.02085937500000002 0.11330188701923073
1 0.0356484375 0.8168160372596153 0.059421875 0.36547169951923075
1 0.9742187499999999 0.8434669807692307 0.04925 0.311037735576923
1 0.35275 0.8138915096153846 0.021999999999999967 0.1079245288461539
1 0.637453125 0.8397877367788461 0.009718750000000016 0.06316037740384618
