1 0.0691015625 0.5494375 0.138203125 0.6179583317307693
1 0.2343359375 0.7066145829326923 0.213015625 0.41714583413461537
1 0.227078125 0.33975000000000005 0.14090624999999998 0.34883333173076925
1 0.46021875000000007 0.39381250000000007 0.16546875000000003 0.245125
1 0.8993046875 0.06425 0.05245312500000009 0.06775
1 0.953203125 0.3513020829326923 0.09359375 0.27664583413461535
1 0.6573203125 0.060135415865384616 0.10832812500000003 0.11906249999999999
1 0.1506953125 0.034083332932692306 0.085484375 0.06816666586538461
1 0.6480312500000001 0.5483229158653846 0.2005625 0.6516875
1 0.6132187499999999 0.3524791670673077 0.13878125000000008 0.33245833413461534
1 0.7577578125000001 0.2709479158653846 0.11767187499999988 0.07231249999999999
1 0.9632031249999999 0.05617708293269231 0.07246874999999998 0.11235416586538462
1 0.7556015625 0.39585416706730775 0.09901562499999997 0.16383333413461537
1 0.47836538461538464 0.2536057692307692 0.953125 0.5060096153846154
