1 0.32084375 0.5644967175480768 0.037718749999999975 0.1075929975961538
1 0.4754765625 0.5391794302884615 0.04876562499999997 0.10636761538461534
1 0.35368750000000004 0.5736105036057692 0.03518750000000001 0.10157549278846147
1 0.5820625 0.9245514218750001 0.054281250000000045 0.12827133413461544
1 0.8678359375 0.8697045949519231 0.06242187499999993 0.11967177163461552
1 0.5052187499999999 0.5487746165865384 0.02671875000000002 0.11164113701923076
1 0.2864375 0.5274288834134615 0.02212500000000002 0.030175055288461514
1 0.128109375 0.4957877463942308 0.023156250000000007 0.04838074278846158
1 0.38165625000000003 0.5748468269230769 0.014406249999999989 0.0810284471153846
1 0.371453125 0.5529321658653846 0.013687499999999972 0.08048139903846156
1 0.61690625 0.9206892776442307 0.03337499999999997 0.1289496706730769
1 0.48677884615384615 0.6947115384615384 0.9699519230769231 0.6057692307692307
