1 0.3228828125 0.5932263245192307 0.17029687500000004 0.38844301923076924
1 0.5982109375 0.5266131622596154 0.06254687499999999 0.14770465624999998
1 0.8437343750000001 0.6012760841346154 0.09309375000000007 0.31182985576923083
1 0.20353906249999998 0.5511476730769231 0.05004687499999998 0.13908507211538465
1 0.16544531250000002 0.4992937403846153 0.037203125000000004 0.05983948557692308
1 0.132265625 0.5668699843749999 0.04796875 0.15235955048076916
1 0.115703125 0.4954173353365385 0.02918749999999999 0.049133228365384626
1 0.5388828125 0.5577849110576923 0.042703124999999995 0.15020866826923077
1 0.5643203125 0.484325842548077 0.02042187499999998 0.028234348557692288
1 0.6283515625 0.4766051370192308 0.02823437499999998 0.0322792932692308
1 0.4772734375 0.5455296947115384 0.05329687499999995 0.19690208653846147
1 0.9482343750000001 0.5784349915865385 0.058937499999999934 0.12688603605769233
1 0.563625 0.5955698233173077 0.058187499999999975 0.07653290624999996
1 0.5060096153846154 0.5625 0.04807692307692308 0.1658653846153846
