1 0.5480078125 0.5069555036057692 0.05998437500000005 0.13194379567307687
1 0.2855546875 0.4565456670673077 0.04539062499999998 0.11440281009615383
1 0.332984375 0.47208430889423075 0.05084375000000003 0.1225761129807692
1 0.36075 0.43913349038461535 0.022968750000000017 0.09807962500000003
1 0.1680859375 0.4697423882211539 0.052953125000000004 0.06932084374999999
1 0.2404140625 0.47293911057692306 0.03407812499999997 0.08611241346153847
1 0.3731328125 0.45114754086538456 0.036859374999999965 0.11597189903846157
1 0.2260390625 0.513700234375 0.05389062500000002 0.1341451995192307
1 0.113765625 0.5010889927884615 0.06775 0.0692037451923077
1 0.47867187499999997 0.42257611177884613 0.01571874999999997 0.023559718749999965
