1 0.867765625 0.6086759591346154 0.03328125000000007 0.13783972115384618
1 0.342484375 0.6002787451923077 0.061468749999999996 0.14198606249999995
1 0.3782265625 0.5725871081730769 0.03501562499999998 0.07555749038461539
1 0.4345859375 0.5924651562500001 0.04298437499999997 0.10329268269230767
1 0.681796875 0.6056794423076923 0.03649999999999993 0.11700348557692308
1 0.102921875 0.5587195120192308 0.05059374999999999 0.06649825961538461
1 0.7908281250000001 0.6044512199519231 0.030718749999999993 0.12388501682692302
1 0.82896875 0.6022125432692308 0.03831249999999997 0.14696863942307695
1 0.29281250000000003 0.6057839723557692 0.05031250000000002 0.15358884855769228
1 0.6145546875 0.5693728221153846 0.012734374999999964 0.020662019230769192
1 0.21068749999999997 0.6259756093750001 0.1013125 0.2195818822115385
1 0.528953125 0.5746602788461538 0.01634374999999995 0.02416376442307696
1 0.47596153846153844 0.5793269230769231 0.9519230769230769 0.18269230769230768
