1 0.0560859375 0.45198113221153846 0.08726562499999999 0.3752830192307692
1 0.182171875 0.6139218317307692 0.131625 0.5282749326923077
1 0.37191406250000003 0.46673854447115387 0.08467187500000001 0.39099730528846155
1 0.45525781249999997 0.7049056598557691 0.10767187499999996 0.5549865216346154
1 0.5628203125 0.610026954326923 0.11764062500000008 0.40086253365384616
1 0.715375 0.5149056598557692 0.08796875000000007 0.48371967548076916
1 0.6315625 0.48343665745192305 0.10634374999999995 0.5458490552884615
1 0.539484375 0.35479784375 0.09337499999999999 0.3333153653846154
1 0.7676171875000001 0.27598382692307694 0.10235937500000002 0.2679784375
1 0.599875 0.8303369278846154 0.17325000000000002 0.31684636057692306
1 0.6838046875000001 0.31873315384615386 0.04332812500000011 0.10258760096153849
1 0.69153125 0.24974393509615384 0.07165625000000006 0.16056603846153847
1 0.733484375 0.18792452884615385 0.025562500000000037 0.10021563461538462
1 0.7884615384615384 0.5204326923076923 0.08413461538461539 0.3401442307692308
