1 0.32886718749999994 0.7030679158653845 0.02367187499999999 0.0745667451923077
1 0.3537265625 0.7376932091346153 0.027703124999999974 0.08002341826923075
1 0.671796875 0.6051170961538461 0.016656250000000074 0.06742388942307692
1 0.6865156250000001 0.6017564399038462 0.014093749999999999 0.04576112500000002
1 0.73325 0.5709367692307693 0.009937500000000035 0.037470725961538436
1 0.7433828125 0.5427634663461538 0.005859375 0.02711943749999995
1 0.3051484375 0.5745550348557692 0.008609374999999978 0.041100704326923074
1 0.8810625 0.5499765805288461 0.00846875000000006 0.030257612980769216
1 0.7424999999999999 0.5832318497596154 0.01171875 0.058173300480769186
1 0.8973828125 0.5457728329326923 0.009859375000000106 0.03248243509615381
1 0.284640625 0.5922482427884616 0.00878124999999998 0.04688524519230772
1 0.32048437500000004 0.5811358317307692 0.008249999999999971 0.04011709615384611
