1 0.8758515625 0.8146867752403846 0.032921874999999955 0.17438515144230765
1 0.5741171875 0.8019605564903846 0.05914062499999998 0.21635731009615383
1 0.2959609375 0.8106496526442307 0.053265625000000046 0.23605568509615382
1 0.16484375 0.6274593966346154 0.01140625000000001 0.024385149038461503
1 0.37135156250000007 0.6140719254807692 0.007140624999999969 0.019837586538461443
1 0.4086484375 0.6147795817307692 0.0064531250000000335 0.011276100961538442
1 0.38772656250000004 0.6122389795673077 0.01173437500000004 0.017099766826923164
1 0.48324218750000003 0.6269025528846155 0.007296875000000032 0.01993039423076923
1 0.842546875 0.6070417632211538 0.009718750000000016 0.025545242788461556
1 0.3948046875 0.6346171694711539 0.01585937499999999 0.01870069471153849
1 0.8705078125000001 0.6140023197115384 0.00435937500000008 0.009860788461538416
1 0.18042187499999998 0.6219953605769231 0.0057812500000000025 0.01651972115384618
1 0.8147968750000001 0.6191763341346154 0.012187499999999983 0.012784221153846117
1 0.53125 0.6430288461538461 0.5661057692307693 0.15264423076923078
