1 0.39171874999999995 0.5874470588942308 0.1726875 0.6614823533653845
1 0.11722656249999999 0.33008235216346155 0.023046875000000015 0.07607058894230773
1 0.3086484375 0.3212823521634615 0.006828125000000014 0.04411764663461536
1 0.5850156249999999 0.33342352884615384 0.009 0.016776471153846114
1 0.5312656250000001 0.3341882355769231 0.009593750000000033 0.007952942307692244
1 0.6054453125 0.5975647055288462 0.13685937499999995 0.11268235336538467
1 0.7138828124999999 0.35088235336538465 0.022296875000000053 0.058611764423076945
1 0.6960781249999999 0.3596235300480769 0.01821875000000002 0.05228235336538462
1 0.1792421875 0.3206941177884615 0.01126562499999999 0.025717649038461545
1 0.29659375 0.3324823533653846 0.01781249999999999 0.01917647115384619
1 0.6363515625 0.33147058894230774 0.005171874999999997 0.013435293269230746
