1 0.13984375 0.7130679158653846 0.08509375 0.35531615865384614
1 0.329171875 0.5553629975961538 0.07290624999999998 0.10927400480769225
1 0.7588203125 0.5615339579326922 0.053703124999999914 0.09014051682692309
1 0.9587500000000001 0.5138758774038461 0.058250000000000066 0.09145199038461538
1 0.20453125000000003 0.6889461358173078 0.055218749999999976 0.2385948485576924
1 0.567171875 0.4951288052884616 0.01953125 0.07761124038461542
1 0.614015625 0.534660421875 0.02374999999999999 0.038829040865384565
1 0.73284375 0.4766510540865384 0.013812499999999953 0.04341920432692314
1 0.8984921874999999 0.5150117091346154 0.0392343749999999 0.09217798557692304
1 0.7165937499999999 0.4776932091346154 0.010718750000000008 0.04325526923076923
1 0.21577343750000003 0.5132201394230769 0.027796874999999978 0.12241217788461536
