1 0.7593984375 0.7269672127403847 0.22339062499999998 0.5460655745192308
1 0.3123125 0.5234192043269231 0.16184375 0.3081030432692308
1 0.16378906249999997 0.6970725997596153 0.309546875 0.5720843100961538
1 0.4282578125 0.47185011658653847 0.13223437500000002 0.2837939110576923
1 0.2515703125 0.34071428605769233 0.02867187500000002 0.07135831249999997
1 0.37579687500000003 0.3486885240384615 0.028124999999999973 0.059250586538461554
1 0.5045390625 0.3524473064903846 0.06195312499999995 0.13599531490384614
1 0.55796875 0.3734543317307693 0.02971875 0.08372365384615382
1 0.5906796875 0.41653395793269227 0.06810937499999997 0.16768149759615386
1 0.6135234375 0.4060187355769231 0.04167187500000006 0.12683840865384616
1 0.091734375 0.3678103040865385 0.07096875000000001 0.0824590168269231
1 0.20163281250000004 0.3592974230769231 0.086453125 0.1225292740384615
1 0.2738671875 0.39216627644230767 0.043046875 0.07412177884615388
1 0.4567307692307692 0.4326923076923077 0.9110576923076923 0.39783653846153844
