1 0.5141953125000001 0.5753703701923077 0.170265625 0.5448559663461539
1 0.194515625 0.5887860084134615 0.21575000000000003 0.7516872427884617
1 0.08629687500000001 0.345730453125 0.075625 0.19458847836538462
1 0.6701953125 0.47482510336538464 0.06810937500000004 0.25627572115384617
1 0.723984375 0.4552057608173076 0.048499999999999974 0.24765431971153842
1 0.8050546875000001 0.5116872427884616 0.125265625 0.44748971153846157
1 0.9259765624999999 0.5024382716346154 0.12445312499999996 0.4156584375
1 0.8759921874999999 0.4936934158653846 0.07010937500000002 0.3424897115384616
1 0.08014062500000001 0.6089094639423076 0.16028125000000001 0.5536213990384615
1 0.9891562500000001 0.5112345685096155 0.021687499999999978 0.21580246875000003
1 0.42368750000000005 0.559907407451923 0.09318749999999998 0.4698148149038462
1 0.7827656249999999 0.3277160492788462 0.02531250000000007 0.034403290865384614
