1 0.74946875 0.6611384975961538 0.21606250000000002 0.6688497644230769
1 0.1052109375 0.42413145432692306 0.03526562500000001 0.1216431923076923
1 0.316640625 0.4243544591346154 0.039374999999999986 0.11246478846153843
1 0.053492187499999996 0.43374413100961545 0.044421875000000006 0.12875586778846154
1 0.4486875 0.4158333329326923 0.017781249999999978 0.027629108173076913
1 0.42110156249999997 0.4164084507211538 0.014828124999999987 0.02896713701923078
1 0.6748750000000001 0.4395774651442308 0.03184375000000003 0.04572769951923073
1 0.2530546875 0.3911267608173077 0.006921874999999984 0.0333333341346154
1 0.2655859375 0.3921244134615384 0.010140625000000014 0.025563379807692306
1 0.6386171875000001 0.452100938701923 0.036734374999999986 0.01786384855769233
1 0.2842578125 0.4288145540865385 0.04354687499999999 0.13800469471153848
1 0.4735576923076923 0.39302884615384615 0.9435096153846154 0.06370192307692307
