1 0.6578337235576922 0.575765625 0.5511241201923076 0.41146875
1 0.09608899278846154 0.337046875 0.09170960096153845 0.0994375
1 0.18551522235576925 0.34233593749999996 0.0991803293269231 0.09223437499999997
1 0.28748243509615384 0.332375 0.10915690865384611 0.10546875
1 0.36242388822115384 0.332140625 0.07295081971153841 0.11140624999999996
1 0.44660421514423077 0.33625 0.09761124278846155 0.10965625000000001
1 0.5355503509615385 0.35290625 0.07686182692307696 0.07290625000000002
1 0.6284660420673078 0.33843750000000006 0.1346838389423077 0.11590625000000003
1 0.26172131129807696 0.240046875 0.10526931971153848 0.10596875
1 0.20491803245192308 0.29471875 0.13428571394230768 0.09271874999999999
1 0.7356323185096153 0.08361718750000001 0.06283372355769241 0.068171875
1 0.8754566742788461 0.34295312499999997 0.09648711778846156 0.09525000000000003
1 0.7987704915865385 0.33854687499999997 0.10512880528846157 0.10550000000000005
1 0.4987980769230769 0.1971153846153846 0.9975961538461539 0.3942307692307692
