1 0.41214062500000004 0.4923055552884615 0.13274999999999998 0.313611110576923
1 0.6355859375 0.4396805552884615 0.10482812500000005 0.24697222115384615
1 0.7975546875 0.49374999999999997 0.101296875 0.446111110576923
1 0.9742578125 0.439125 0.048421875000000045 0.2689166682692308
1 0.7466406250000001 0.4489583329326923 0.10028124999999996 0.24958333413461542
1 0.30074218750000004 0.3371666670673077 0.017734375000000028 0.0887777764423077
1 0.158625 0.3401111117788461 0.021687499999999995 0.08566666586538461
1 0.6835859375000001 0.3577083341346154 0.011328125000000081 0.08486111057692308
1 0.6592109375 0.35862499999999997 0.018515625000000105 0.08258333173076918
1 0.5508671875 0.3491527776442308 0.01585937499999999 0.08308333413461536
1 0.491078125 0.3381944447115385 0.008843749999999937 0.06516666826923082
1 0.559359375 0.5283472223557693 0.16018749999999995 0.23152777644230765
