1 0.42240625 0.7005555552884615 0.024625 0.07622222115384612
1 0.5539296875 0.7814583329326923 0.060046875000000006 0.24908333413461542
1 0.48789062499999997 0.7346805564903847 0.027218750000000017 0.12969444471153851
1 0.51284375 0.6649166658653846 0.00878124999999998 0.012111110576922986
1 0.5202578125 0.6659305564903847 0.0038906250000000277 0.011694444711538474
1 0.4595078125 0.6696805552884617 0.005078125000000027 0.007083331730769215
1 0.35672656250000007 0.6784861105769231 0.012484375 0.09624999999999992
1 0.68696875 0.7968055552884614 0.06503125 0.29383333173076925
1 0.32773437499999997 0.6828611105769231 0.019406250000000017 0.09250000000000004
1 0.0826796875 0.7181527776442308 0.013828125000000004 0.13102777644230776
1 0.2857578125 0.6971944447115385 0.021828125 0.08011111057692315
1 0.06726562500000001 0.6966666670673077 0.0234375 0.07655555528846164
1 0.39755468749999995 0.6675555564903846 0.006328125000000052 0.011944444711538438
1 0.4735576923076923 0.7884615384615384 0.8401442307692307 0.3329326923076923
