1 0.49028125 0.5278046875 0.5201875 0.9443906249999999
1 0.9126979170673077 0.3960390625 0.0808958341346154 0.17489062500000002
1 0.7221354170673078 0.47214062500000004 0.11364583413461546 0.3994062500000001
1 0.06289583413461539 0.385375 0.051625 0.10609374999999997
1 0.7965520829326922 0.34717187499999996 0.04597916586538453 0.09609374999999999
1 0.7756041658653847 0.34038281249999996 0.02825000000000002 0.08435937499999999
1 0.8027604170673077 0.2966875 0.04002083413461536 0.02865624999999998
1 0.029427084134615384 0.38623437499999996 0.0414375 0.10046874999999997
1 0.7336979170673076 0.39078124999999997 0.07297916586538473 0.16028125000000004
1 0.8465104158653846 0.3895390625 0.05868749999999997 0.14867187499999998
1 0.1688229170673077 0.3874375 0.05539583413461539 0.1318125
1 0.9586979170673077 0.3578984375 0.034604165865384603 0.09545312500000004
1 0.9805104158653847 0.3087109375 0.032812499999999946 0.03742187500000002
1 0.4987980769230769 0.4651442307692308 0.9975961538461539 0.5360576923076923
