1 0.538484375 0.6112395841346154 0.38259374999999995 0.7550625
1 0.32696875000000003 0.5847083329326923 0.17190624999999998 0.6584166658653845
1 0.229125 0.38429166706730766 0.06537499999999999 0.3199583341346154
1 0.749625 0.5008229158653846 0.16418750000000004 0.4114375
1 0.85825 0.47304166586538454 0.14262499999999997 0.33825
1 0.9192812499999999 0.3953645829326923 0.040656250000000026 0.12002083413461542
1 0.9177265625 0.7092187499999999 0.16454687500000004 0.5815625
1 0.5916640625 0.39714583293269234 0.11798437500000002 0.20833333413461536
1 0.9899921875 0.2625833341346154 0.020015625000000023 0.06375000000000003
1 0.1059453125 0.6320625 0.208515625 0.7349583317307692
1 0.8814218749999999 0.35496875 0.041281250000000005 0.11914583173076923
1 0.8314140624999999 0.375125 0.032921874999999955 0.14779166826923074
1 0.9715312500000001 0.385375 0.056937499999999946 0.23145833173076918
1 0.5552884615384616 0.53125 0.3918269230769231 0.5252403846153846
