1 0.3935468750000001 0.7382083341346154 0.15000000000000002 0.5011249999999999
1 0.0952265625 0.7550520829326922 0.187078125 0.4898958341346154
1 0.20414843749999997 0.6611666670673078 0.125546875 0.24241666586538463
1 0.81540625 0.5953124999999999 0.07893749999999991 0.1630833317307692
1 0.7069453125 0.5036354170673077 0.06242187499999993 0.07622916586538461
1 0.6577109375 0.5170416670673077 0.03254687499999994 0.03195833413461539
1 0.6143203125000001 0.47972916586538467 0.01976562499999999 0.036749999999999956
1 0.283453125 0.5305208329326923 0.06115625000000001 0.1845833341346153
1 0.8624453125 0.55925 0.04285937499999999 0.12754166826923077
1 0.96940625 0.7083854170673077 0.06118750000000002 0.26389583413461537
1 0.5699609375 0.8102291670673076 0.17507812499999995 0.29995833413461537
1 0.7611015624999999 0.53209375 0.041328124999999986 0.07535416826923075
1 0.5903515625 0.5121562500000001 0.019328125000000022 0.052520831730769255
1 0.5252403846153846 0.6790865384615384 0.8269230769230769 0.5
