1 0.49859375000000006 0.5247189699519231 0.33718750000000003 0.6674238870192307
1 0.840578125 0.6210772824519231 0.28400000000000003 0.47475409855769235
1 0.6304531250000001 0.4614285709134615 0.07646874999999995 0.20899297355769234
1 0.6473203125 0.3262060889423077 0.09173437499999998 0.23686182692307695
1 0.7602812500000001 0.38025761057692303 0.09212500000000003 0.27241217788461536
1 0.34488281249999997 0.36395784495192307 0.12560937500000005 0.33152224759615384
1 0.4238671875 0.38275175600961536 0.07995312500000001 0.2810538629807692
1 0.801375 0.08088993028846153 0.07646874999999995 0.08988290384615386
1 0.04884375 0.344180328125 0.0903125 0.27772833894230764
1 0.5665859375 0.27700234254807693 0.05864062499999999 0.09039812740384615
1 0.574390625 0.48099531610576923 0.03703125 0.07679156971153844
1 0.31010937499999996 0.054110069711538464 0.09884375 0.10194379326923077
1 0.8726953125 0.0942857139423077 0.06289062500000006 0.07882903846153846
1 0.5492788461538461 0.25721153846153844 0.8990384615384616 0.46875
