1 0.35986718749999996 0.44510416706730765 0.06832812499999999 0.31683333413461534
1 0.33135156250000003 0.3497291658653846 0.044015624999999975 0.13625
1 0.1787421875 0.3293125 0.05357812500000002 0.1412083317307692
1 0.1047265625 0.3292291670673077 0.03779687499999999 0.1062083341346154
1 0.079234375 0.40645833293269235 0.059000000000000004 0.23916666586538463
1 0.921703125 0.37137499999999996 0.09315624999999997 0.1467083317307692
1 0.8721953125 0.3227291670673077 0.049671875 0.13566666586538462
1 0.74746875 0.3107708329326923 0.02024999999999995 0.06283333413461538
1 0.44356249999999997 0.37032291706730763 0.04840625 0.17747916586538462
1 0.2146875 0.3396041658653846 0.04918750000000001 0.07237499999999998
1 0.033296875 0.38215625000000003 0.058562499999999997 0.24393750000000003
1 0.2504453125 0.3242604170673077 0.07207812499999999 0.13002083413461538
1 0.4987980769230769 0.4254807692307692 0.9975961538461539 0.3798076923076923
