1 0.35195312500000003 0.4990104170673077 0.05549999999999999 0.1898958341346154
1 0.17809375 0.48646874999999995 0.02856250000000001 0.12731250000000005
1 0.54525 0.4520416658653846 0.028281250000000036 0.07924999999999997
1 0.4687265625 0.44181249999999994 0.01345312499999998 0.05012500000000001
1 0.6239609374999999 0.44340625 0.011796875000000066 0.06193749999999998
1 0.7406015625 0.4363125 0.01157812499999991 0.04037499999999998
1 0.15478906250000002 0.4568020841346154 0.01726562500000001 0.04681250000000004
1 0.6709140624999999 0.4638333329326923 0.03092187499999997 0.09704166586538457
1 0.6386015624999999 0.44034375 0.006328124999999984 0.037020831730769234
1 0.50471875 0.45963541706730765 0.022281250000000013 0.08647916586538464
1 0.5764843749999999 0.44240625 0.011625000000000031 0.04922916826923075
