1 0.7077600000000002 0.46229729807692305 0.02539999999999997 0.041471471153846196
1 0.5257499999999999 0.47048048076923077 0.011739999999999981 0.03003002884615384
1 0.79581 0.7510810817307692 0.27154 0.45219219230769225
1 0.38710999999999995 0.617672671875 0.09698000000000001 0.34273273317307684
1 0.8456499999999999 0.32153153125 0.013939999999999978 0.025165163461538444
1 0.13213000000000003 0.3201351346153846 0.003739999999999991 0.007297298076923065
1 0.65989 0.5928078076923077 0.20285999999999998 0.6524624615384617
1 0.8678199999999999 0.6058558557692307 0.08423999999999997 0.3072072067307693
1 0.82536 0.5241741742788462 0.04983999999999993 0.14906906971153847
1 0.90741 0.39277777884615384 0.012780000000000031 0.021951951923076862
1 0.46702 0.5753153161057692 0.13812 0.6666666658653846
1 0.26622 0.6663513509615384 0.12772 0.4198498509615385
1 0.20352 0.5829129122596154 0.05612000000000002 0.2648048052884615
1 0.4375 0.5600961538461539 0.5925480769230769 0.24879807692307693
