1 0.41153125 0.5451639338942308 0.2618125 0.8737939110576923
1 0.2793046875 0.47144028125 0.22145312499999997 0.8286885240384616
1 0.7261249999999999 0.6199765805288462 0.10243749999999995 0.3748477764423077
1 0.8074921875 0.6021194387019231 0.09870312499999997 0.42306791586538456
1 0.9568125 0.5760538641826923 0.06346875000000005 0.15412178125000003
1 0.8838203125 0.6021077283653846 0.07154687499999991 0.42599531730769236
1 0.024992187500000002 0.6691100697115384 0.030984375 0.14637002403846158
1 0.060234375 0.6688290396634614 0.037500000000000006 0.1438875889423077
1 0.166671875 0.5234660420673077 0.054250000000000013 0.12519906490384614
1 0.0948125 0.6486885252403846 0.04706250000000001 0.10955503605769223
1 0.0382421875 0.666522248798077 0.022609375 0.1530913341346153
