1 0.4420078125 0.6351249999999999 0.056359375000000024 0.21300000000000008
1 0.710859375 0.6464791658653847 0.07534375000000004 0.3105
1 0.34415624999999994 0.6109166658653846 0.03315624999999995 0.11050000000000004
1 0.21693750000000003 0.5915104170673077 0.03487499999999999 0.08960416586538465
1 0.1445078125 0.5743333329326923 0.03523437500000001 0.12283333413461534
1 0.243375 0.5911875 0.023843750000000028 0.04962499999999995
1 0.271296875 0.5390416670673077 0.0038749999999999874 0.01420833413461536
1 0.41950781249999997 0.6248333341346153 0.03960937499999998 0.15162499999999998
1 0.30682031249999997 0.5535 0.009515625000000002 0.02808333173076919
1 0.290828125 0.55753125 0.006874999999999998 0.015354168269230794
1 0.18672656249999997 0.5559375 0.012390624999999997 0.025333331730769244
