1 0.5065000000000001 0.5660070252403846 0.22812500000000002 0.4609133485576923
1 0.8245156250000001 0.6676346610576923 0.19640624999999995 0.28988290384615384
1 0.1041484375 0.5608548004807692 0.07698437500000002 0.12569086538461535
1 0.37896875 0.5907845432692308 0.16459375000000004 0.17360655769230768
1 0.718796875 0.5650234194711539 0.07628125000000001 0.2780093677884616
1 0.8550078125000001 0.49048009374999996 0.08173437500000005 0.19533957692307696
1 0.9397656249999999 0.636440280048077 0.12046875000000003 0.34655737740384623
1 0.6215703125 0.2742974242788462 0.07104687499999998 0.08583138221153847
1 0.23346093750000002 0.5910304447115385 0.07710937500000001 0.17531615865384614
1 0.16156250000000003 0.26144028124999996 0.0658125 0.08072599519230769
1 0.9301640625 0.2743676814903846 0.08085937499999997 0.10292740144230768
1 0.7953749999999999 0.27752927403846156 0.06446875000000005 0.08765808173076922
1 0.6373125 0.557939109375 0.08090624999999996 0.26295081971153855
1 0.4987980769230769 0.3485576923076923 0.9975961538461539 0.6971153846153846
