1 0.47602343750000004 0.5753645829326923 0.07270312499999997 0.12189583413461544
1 0.9607890625000001 0.9355520841346153 0.07842187499999995 0.11906249999999993
1 0.43477343749999997 0.9638854158653847 0.16901562499999997 0.06968750000000003
1 0.362640625 0.454 0.029093750000000022 0.12195833173076924
1 0.73390625 0.40640624999999997 0.016124999999999928 0.05639583173076924
1 0.748203125 0.40884375 0.016812500000000067 0.06806249999999998
1 0.5010078125 0.47989583413461534 0.03701562500000003 0.03212500000000001
1 0.76440625 0.40645833293269223 0.018062500000000023 0.06470833413461538
1 0.8232734375 0.8450729170673076 0.1404843749999999 0.30985416586538467
1 0.4384609375 0.45234375000000004 0.026015625000000046 0.11372916826923081
1 0.4670078125 0.45656250000000004 0.024796874999999965 0.10866666826923076
1 0.1478046875 0.4513645829326923 0.01845312500000001 0.07972916586538464
