1 0.7197733329326923 0.6447299999999999 0.05277333413461541 0.06318000000000008
1 0.8522799999999999 0.46336000000000005 0.06535999999999995 0.01424000000000003
1 0.7454666658653847 0.43477000000000005 0.05200000000000001 0.012060000000000027
1 0.1468 0.54025 0.05504000000000001 0.03366000000000004
1 0.5706666670673077 0.44366999999999995 0.03722666586538459 0.007740000000000012
1 0.97612 0.43824 0.0472266682692308 0.012799999999999957
1 0.5179333341346154 0.44183 0.04328 0.01334000000000001
1 0.4147866670673077 0.43275 0.008826665865384643 0.007059999999999998
1 0.43141333293269224 0.42834 0.0097066658653846 0.006119999999999988
1 0.32241333413461537 0.42750999999999995 0.019120000000000026 0.006339999999999995
1 0.2657066658653846 0.43908 0.06736 0.009880000000000026
