1 0.508546875 0.7112343088942308 0.3826562500000001 0.5460669447115385
1 0.5801015625 0.4341631790865384 0.23723437499999994 0.22861924759615382
1 0.9121953125 0.6832949795673078 0.16951562500000003 0.6022384927884615
1 0.8441093749999999 0.4377405865384615 0.1365625 0.19769874519230765
1 0.30966406249999995 0.515732217548077 0.135953125 0.27640167548076927
1 0.1716640625 0.5371443509615385 0.159890625 0.2807740576923076
1 0.9290078125000001 0.40962343028846154 0.07873437499999994 0.1452719663461538
1 0.9204140625 0.3087761502403846 0.109953125 0.15119246875
1 0.7848359375 0.3805439326923077 0.1190468749999999 0.12778242788461538
1 0.7802265625 0.32878661057692304 0.04807812499999997 0.07426778365384615
1 0.79915625 0.32525104567307694 0.07556249999999992 0.06046025000000001
1 0.09953125 0.8413807536057691 0.19803125 0.3172384927884615
1 0.43082031249999997 0.3731903762019231 0.11042187499999997 0.14462343028846153
1 0.6490384615384616 0.3629807692307692 0.6947115384615384 0.15745192307692307
