1 0.8597109374999999 0.6961041670673077 0.061703124999999984 0.15683333413461534
1 0.6535390625 0.6433645841346155 0.017953125000000014 0.0428125
1 0.47813281250000006 0.6448437499999999 0.016453125000000027 0.04427083173076914
1 0.2492109375 0.6621770841346154 0.014734375000000018 0.05331249999999999
1 0.8300234375000001 0.6340833341346155 0.015234375000000081 0.044000000000000074
1 0.6429062499999999 0.6441770829326923 0.011562500000000005 0.04102083413461535
1 0.2633203125 0.6542708329326923 0.014671874999999992 0.04645833413461535
1 0.393640625 0.6526875000000001 0.013968750000000018 0.046083331730769325
1 0.44746093750000004 0.6444895829326923 0.016734375000000003 0.0470208341346153
1 0.4149921875 0.6022291658653847 0.008859374999999977 0.02299999999999996
1 0.21895312499999997 0.6558958329326923 0.01078125 0.041166665865384505
1 0.420296875 0.6171145841346154 0.01628124999999999 0.032937500000000064
