1 0.636 0.18167431250000002 0.08334374999999998 0.1401376153846154
1 0.8766875 0.5236123858173076 0.06409375000000003 0.24405963221153845
1 0.948546875 0.48524082572115385 0.03665625000000006 0.1711697235576923
1 0.97903125 0.42480504687500004 0.041937500000000065 0.1641972475961538
1 0.981515625 0.5887844038461538 0.03696875000000004 0.1340366971153846
1 0.9776406249999999 0.7111238533653848 0.04471875000000002 0.10096330288461544
1 0.5047578125 0.14092889903846156 0.09573437500000001 0.2308944951923077
1 0.607 0.14719036658653845 0.08418750000000005 0.2269495408653846
1 0.956328125 0.5883830276442308 0.04506249999999996 0.12204128605769228
1 0.323109375 0.361869265625 0.13121874999999997 0.1251146802884615
1 0.0215390625 0.4338761478365385 0.043078125 0.13958715624999998
1 0.9096328124999999 0.49807339423076924 0.0640156250000001 0.22674312019230763
1 0.9917890625 0.38701834855769235 0.015921875000000085 0.04155963461538459
1 0.47836538461538464 0.484375 0.953125 0.5685096153846154
