1 0.22776 0.65584 0.05621333173076925 0.10747999999999994
1 0.29647999999999997 0.65477 0.059680000000000004 0.10358000000000007
1 0.39452 0.6191300000000001 0.012346668269230757 0.021860000000000008
1 0.412 0.62056 0.014453331730769228 0.02383999999999993
1 0.44076 0.62368 0.009253331730769254 0.021680000000000057
1 0.4548133341346154 0.6254299999999999 0.01896 0.02890000000000008
1 0.8920933341346153 0.62436 0.008559999999999918 0.019839999999999962
1 0.9510533329326922 0.62176 0.005786665865384677 0.015320000000000068
1 0.9930533329326923 0.62664 0.013893334134615397 0.02111999999999994
1 0.9439199999999999 0.6216700000000001 0.010239999999999992 0.013300000000000022
1 0.46986666706730773 0.62117 0.011253334134615387 0.020900000000000005
1 0.8407466670673076 0.61915 0.005226665865384561 0.009339999999999972
1 0.8313466670673078 0.6199600000000001 0.01554666586538453 0.009200000000000012
