1 0.55953 0.5996400000000001 0.11554000000000006 0.4074933317307691
1 0.65647 0.2103866670673077 0.03945999999999991 0.14866666586538463
1 0.98791 0.1671066670673077 0.024179999999999972 0.0776266658653846
1 0.23709 0.2040133329326923 0.026260000000000002 0.11730666586538462
1 0.9028299999999999 0.17685333293269231 0.014020000000000091 0.07018666586538462
1 0.7733800000000001 0.17284 0.018079999999999978 0.07752
1 0.28102 0.1528133329326923 0.00608 0.01277333413461537
1 0.20590000000000003 0.20710666706730768 0.02636000000000001 0.10546666586538461
1 0.45695 0.19541333413461537 0.03165999999999999 0.11743999999999999
1 0.8656699999999999 0.17630666706730766 0.02481999999999993 0.08269333413461537
1 0.016300000000000002 0.1941333329326923 0.022879999999999998 0.07066666586538463
1 0.8012699999999999 0.15412 0.011459999999999991 0.03709333173076924
1 0.9103 0.17492 0.008759999999999999 0.07858666826923076
1 0.4879807692307692 0.16706730769230768 0.9555288461538461 0.15144230769230768
