1 0.199671875 0.5024944326923078 0.15818749999999998 0.7695768365384615
1 0.3972890625 0.5067483293269232 0.217578125 0.8157238317307692
1 0.55415625 0.5123608016826923 0.18446875000000001 0.7595545649038461
1 0.7697578125 0.48649220552884614 0.066671875 0.27975501201923075
1 0.82096875 0.49383073557692303 0.09568749999999995 0.27759465384615384
1 0.8768671875 0.4879175949519231 0.03270312500000007 0.2022049014423077
1 0.9789296874999999 0.4893207127403846 0.04214062500000004 0.16804008894230774
1 0.6913437499999999 0.4999331838942308 0.03324999999999999 0.10868596875000004
1 0.7324765624999999 0.49301781730769234 0.029515624999999882 0.13169264903846153
1 0.8606874999999999 0.5468708245192307 0.05096874999999994 0.16755011057692304
1 0.6640390625 0.48769487740384615 0.0321093749999999 0.09988863942307692
1 0.6679140625000001 0.5211358569711538 0.024546875000000003 0.058084632211538464
1 0.7521640625000001 0.4920378617788461 0.026421875000000074 0.10291759374999998
