1 0.848359375 0.5775176466346154 0.30293749999999997 0.8314588221153847
1 0.7234843750000001 0.6355647055288463 0.26443750000000005 0.7024705889423076
1 0.7301562500000001 0.392611765625 0.07890625000000011 0.18089411778846154
1 0.6843046875 0.3544235300480769 0.038109374999999994 0.10272941105769233
1 0.56109375 0.3921411766826923 0.13728124999999997 0.4651764687499999
1 0.4457421875 0.4337882355769231 0.15160937500000002 0.40183529326923073
1 0.27743750000000006 0.5236588233173076 0.19593750000000001 0.31531764663461537
1 0.2729140625 0.3233058822115385 0.103515625 0.16764705769230773
1 0.3714453125 0.31903529326923075 0.04551562499999996 0.07920000000000002
1 0.0447734375 0.6314588233173077 0.08057812500000001 0.6921411754807694
