1 0.546859375 0.70608490625 0.14175000000000004 0.198207548076923
1 0.1972265625 0.42402122596153846 0.097859375 0.25040094230769233
1 0.28478125 0.3626415096153846 0.10553125 0.2712264134615385
1 0.523203125 0.31274764182692305 0.09003125000000001 0.24304245192307689
1 0.8998281249999999 0.688207546875 0.13984375000000002 0.2570283004807693
1 0.9755078125 0.7405778305288462 0.048984375 0.4060141514423077
1 0.7731015625000001 0.6949764146634615 0.133609375 0.24948113221153856
1 0.7055703125 0.8513561322115385 0.168765625 0.29728773557692306
1 0.54190625 0.5349528305288461 0.08937500000000001 0.2031132091346153
1 0.17342968749999998 0.5213679254807693 0.150703125 0.23278301923076924
1 0.405859375 0.752252359375 0.17009375000000004 0.4571933966346154
1 0.3311171875 0.46297169831730767 0.046453125 0.08504717067307688
1 0.88190625 0.8360141502403846 0.14831249999999996 0.25212264182692307
1 0.5 0.4987980769230769 0.9963942307692307 0.9975961538461539
