1 0.864125 0.8020937500000002 0.09940624999999989 0.14060416826923075
1 0.6750156250000001 0.7112291670673077 0.06912500000000008 0.09854166586538463
1 0.36146875 0.7174166658653847 0.06271875000000002 0.04700000000000005
1 0.1324609375 0.6977291658653846 0.082359375 0.06937500000000003
1 0.3104609375 0.6884166670673076 0.03382812499999998 0.044833334134615384
1 0.7210390624999999 0.6353541670673077 0.03129687499999999 0.03866666586538473
1 0.7600234375 0.6396145829326924 0.044109374999999944 0.057145834134615416
1 0.372 0.6915729170673076 0.03518750000000001 0.030895834134615514
1 0.0974453125 0.688625 0.034359374999999984 0.04558333173076926
1 0.438265625 0.6407291670673078 0.019375000000000007 0.049416665865384686
1 0.051140625 0.7022291670673078 0.06649999999999999 0.13108333413461537
1 0.6547499999999999 0.6450520829326922 0.022406249999999926 0.058104165865384624
1 0.739859375 0.7130104158653847 0.05806249999999999 0.0978125
1 0.6778846153846154 0.640625 0.6129807692307693 0.12259615384615384
