1 0.3594375 0.5887762235576923 0.04796875000000003 0.11568764423076928
1 0.05196875 0.6213519819711538 0.1039375 0.2224708629807693
1 0.334296875 0.5651165504807693 0.04818749999999998 0.05666666826923081
1 0.35612499999999997 0.5170979014423077 0.026968749999999986 0.07298368269230768
1 0.3468046875 0.5166899771634615 0.01767187499999997 0.05659673798076922
1 0.129671875 0.5290093245192308 0.017250000000000005 0.06034964903846156
1 0.1504296875 0.5041724951923077 0.009578124999999993 0.030675990384615385
1 0.1042578125 0.5256643353365384 0.020328124999999996 0.0826107235576923
1 0.6566562499999999 0.45627039663461544 0.04831250000000003 0.10461538461538464
1 0.16149218749999997 0.4972960372596154 0.006609374999999995 0.03547785336538464
1 0.15761718749999998 0.5068298365384615 0.006609374999999995 0.017016317307692316
