1 0.21525 0.5738541670673076 0.032812500000000015 0.09554166586538465
1 0.6303359374999999 0.7651666670673076 0.17192187499999992 0.46966666586538464
1 0.6874765625 0.7468020841346154 0.05782812500000007 0.3573124999999999
1 0.3368515625 0.7229791670673078 0.06607812500000004 0.36933333413461544
1 0.2685 0.6376770841346153 0.05865624999999999 0.2014375
1 0.1680234375 0.7579791670673076 0.282078125 0.4840416658653846
1 0.494078125 0.7360729170673077 0.16153125000000002 0.5278541658653846
1 0.4965234375 0.6145416670673077 0.112703125 0.10983333413461537
1 0.10478124999999999 0.5858333341346154 0.045437500000000006 0.13862499999999994
1 0.0506015625 0.6287604158653846 0.08707812499999999 0.21781249999999996
1 0.078703125 0.5986354170673077 0.030062499999999992 0.11697916586538454
1 0.4069062500000001 0.7344375000000001 0.09600000000000002 0.40441666826923084
1 0.29086538461538464 0.6995192307692307 0.5480769230769231 0.3918269230769231
