1 0.9734624411057692 0.07588281250000001 0.04166666586538471 0.06320312500000001
1 0.8921244134615385 0.0617265625 0.054812206730769204 0.074640625
1 0.6094014086538462 0.0278125 0.05316901442307687 0.05449999999999999
1 0.9902112680288462 0.09096875000000001 0.019577463942307707 0.08334375
1 0.6479929579326924 0.030843750000000003 0.03781690144230769 0.061125
1 0.5557511742788461 0.021757812499999998 0.04286384855769235 0.043515624999999995
1 0.31464788701923074 0.032921875 0.044976524038461536 0.06396875
1 0.383849765625 0.027859375000000002 0.05887323798076922 0.053281249999999995
1 0.027206573317307692 0.0273046875 0.04117370913461538 0.054609375
1 0.42584506971153846 0.0327265625 0.03201877884615381 0.052421875
1 0.3498122067307693 0.027765625 0.030704225961538434 0.05553125
1 0.8569718317307692 0.055593750000000004 0.04253521153846147 0.070375
