1 0.972703125 0.09492443389423076 0.05459375000000003 0.13891687740384615
1 0.20695312500000002 0.4613853894230769 0.29637499999999994 0.5363224182692308
1 0.09130468750000001 0.677531485576923 0.18260937500000002 0.6224685144230769
1 0.20550781250000003 0.20098236778846154 0.08276562500000002 0.19717884134615385
1 0.22721093750000002 0.358047859375 0.125453125 0.24944584375000003
1 0.8517109374999999 0.6415743076923076 0.29273437499999994 0.7168513846153846
1 0.7190000000000001 0.49641057932692306 0.19240625 0.45216624519230775
1 0.7936953124999999 0.21477330048076923 0.10376562499999996 0.1535768269230769
1 0.7117656250000001 0.17123425721153845 0.06243749999999997 0.0997481105769231
1 0.4886249999999999 0.3305793449519231 0.14334375 0.32130982451923085
1 0.5745 0.44761964663461534 0.15959374999999998 0.423350125
1 0.854953125 0.21913098197115385 0.08878124999999998 0.20586901682692307
1 0.317359375 0.19073047836538462 0.05528125000000003 0.11193954807692309
1 0.5228365384615384 0.21875 0.9519230769230769 0.41346153846153844
