1 0.4775644026442307 0.5929609374999999 0.7729742379807691 0.702453125
1 0.47902810216346153 0.3049140625 0.09992974278846155 0.08523437500000003
1 0.5257494146634615 0.2872734375 0.04985948317307693 0.05285937499999998
1 0.7173770492788462 0.2784453125 0.11231850240384625 0.05576562500000003
1 0.8340046838942308 0.2645234375 0.08529273798076928 0.059234374999999985
1 0.14245901682692308 0.31500000000000006 0.11531615865384616 0.12118750000000003
1 0.5159484783653846 0.25466406249999995 0.03756440384615383 0.053671875
1 0.09348946153846154 0.35057031250000004 0.05522248076923078 0.12810937500000003
1 0.020011709134615384 0.33376562499999995 0.04002341826923077 0.09775000000000003
1 0.6619555036057693 0.2701015625 0.05220140624999996 0.062078125
1 0.5794379387019231 0.2912265625 0.07742388701923077 0.04801562499999998
1 0.9559016394230769 0.3028125 0.08819672115384619 0.15565624999999997
1 0.619918032451923 0.2815078125 0.05477751682692311 0.040421875
1 0.4795673076923077 0.29927884615384615 0.9182692307692307 0.15745192307692307
