1 0.5211875 0.765513889423077 0.19265625000000003 0.4689722211538462
1 0.62996875 0.7320694447115385 0.14631250000000004 0.5126388894230769
1 0.2519140625 0.7257361117788462 0.18257812500000004 0.5440833341346154
1 0.18373437499999998 0.5900833329326923 0.09968749999999998 0.38505555528846147
1 0.8064609375 0.5584305552884616 0.07582812499999993 0.40675
1 0.32566406249999996 0.43312500000000004 0.028796875000000003 0.08697222115384615
1 0.0857109375 0.3804027776442307 0.067703125 0.1369722235576923
1 0.293078125 0.5395138894230769 0.054031249999999975 0.25975000000000004
1 0.7060000000000001 0.6570972223557692 0.10743750000000005 0.5675277764423077
1 0.0840625 0.6668472223557693 0.13524999999999998 0.5730277764423077
1 0.4872890625 0.5645972223557693 0.12007812500000004 0.3325833341346154
1 0.36196875 0.5277777776442307 0.059656250000000015 0.2333888870192307
1 0.5133359375000001 0.47151388822115387 0.059515624999999996 0.16980555528846158
1 0.5096153846153846 0.5552884615384616 0.9783653846153846 0.4050480769230769
