1 0.3829375 0.22533333413461537 0.02312500000000001 0.10562500000000002
1 0.3282578125 0.22496875 0.02210937499999998 0.09714583173076924
1 0.471265625 0.18473958293269233 0.01921875000000001 0.0933958341346154
1 0.4514921874999999 0.18613541706730768 0.021296874999999993 0.09939583413461538
1 0.36067187500000003 0.7168541670673078 0.05731249999999996 0.14833333413461533
1 0.621875 0.16903125 0.03209375 0.06031249999999999
1 0.09306249999999999 0.2041354170673077 0.018843749999999996 0.12560416586538464
1 0.35110156249999996 0.20807291586538462 0.025765624999999945 0.1360625
1 0.5244609375 0.20435416706730772 0.026328124999999966 0.1179166658653846
1 0.5571015625 0.18021875 0.04026562500000004 0.09964583173076923
1 0.584453125 0.16976041706730768 0.028156249999999987 0.05664583413461537
1 0.20335937499999998 0.19315625000000003 0.05565625000000001 0.17489583173076925
1 0.9271015625000001 0.21638541706730768 0.037484375000000014 0.08427083413461539
1 0.23317307692307693 0.15384615384615385 0.027644230769230768 0.054086538461538464
