1 0.24035937500000001 0.5245770072115385 0.17534375000000002 0.3199566153846154
1 0.9328515624999999 0.5184381778846153 0.04751562500000002 0.14702820192307695
1 0.8183671874999999 0.4537635564903847 0.007546874999999995 0.020151843749999968
1 0.7331874999999999 0.49567245072115385 0.03918749999999992 0.05737527163461537
1 0.6197421875 0.48882863341346156 0.027421875 0.07809110817307695
1 0.5815546875 0.48020607451923075 0.022078125000000035 0.08904555288461544
1 0.541015625 0.46420824278846157 0.025906249999999967 0.03700650961538464
1 0.8950546875000001 0.48967462019230773 0.03385937499999992 0.084251625
1 0.8604531249999999 0.4955206081730769 0.030156250000000037 0.10878524999999997
1 0.49553125000000003 0.45264642067307687 0.024218750000000042 0.03960954326923073
1 0.790296875 0.48460954447115384 0.056937499999999946 0.0956399110576923
1 0.14135937499999998 0.42558568389423085 0.017781249999999995 0.0698264639423077
1 0.06892187500000001 0.4039154014423077 0.018250000000000006 0.03594360096153847
1 0.5012019230769231 0.4987980769230769 0.9891826923076923 0.2644230769230769
