1 0.5059609375 0.7757025757211539 0.093671875 0.13323184855769227
1 0.578078125 0.7855035132211537 0.05318750000000001 0.13400468509615385
1 0.6360781249999999 0.7936768149038461 0.06721874999999991 0.11540983653846154
1 0.7919375000000001 0.7977634651442309 0.07184375 0.14245901682692305
1 0.0692734375 0.6532669795673077 0.009859375000000004 0.057915689903846095
1 0.08574218750000001 0.6528922716346155 0.011984374999999988 0.05796252884615386
1 0.0235390625 0.6555035132211539 0.014734374999999997 0.055690867788461634
1 0.010187499999999999 0.6546838401442308 0.0125 0.05138173317307704
1 0.101625 0.6556440288461539 0.011625000000000014 0.042529274038461434
1 0.0755859375 0.6555737704326923 0.008390625000000002 0.06051522355769228
1 0.10901562499999999 0.6519906334134615 0.007468750000000015 0.052224824519230766
