1 0.5968229170673077 0.445703125 0.3833958341346154 0.8346250000000001
1 0.386375 0.5354296875 0.0427083317307692 0.06404687499999998
1 0.3355520829326923 0.532125 0.03185416586538459 0.05446874999999998
1 0.07533333413461539 0.49621875 0.019749999999999993 0.03706250000000001
1 0.21538541586538462 0.5213984375 0.018812500000000017 0.027421875
1 0.16132291706730767 0.50003125 0.01714583413461538 0.02825000000000002
1 0.021687500000000002 0.49008593749999996 0.018041668269230773 0.02482812499999998
1 0.3689791670673077 0.5341796875 0.028291665865384587 0.055671874999999954
1 0.0595 0.49621093749999995 0.01620833173076923 0.02798437499999995
1 0.9809270841346154 0.6220390625 0.022062499999999992 0.021859375000000014
