1 0.134703125 0.6281615925480769 0.1669375 0.4818032764423077
1 0.1619921875 0.44966042187500005 0.06329687500000002 0.2318266995192308
1 0.28635156250000005 0.4734660420673077 0.074890625 0.3029508197115384
1 0.8891249999999999 0.41413348918269227 0.0316874999999999 0.13351288221153845
1 0.47250000000000003 0.4650585480769231 0.07659375 0.31995316346153846
1 0.8482578125 0.5304098365384615 0.1367343749999999 0.3581030432692307
1 0.8901953125 0.5421194375 0.0492656249999999 0.12854800961538457
1 0.969421875 0.43355971875 0.06115624999999994 0.22257611057692311
1 0.9677187500000001 0.5780913341346154 0.06456250000000001 0.20807962499999993
1 0.6152890624999999 0.640737704326923 0.304765625 0.5901405144230769
