1 0.512765625 0.5157309939903846 0.4130937499999999 0.950584795673077
1 0.8520000000000001 0.6378216370192308 0.29181250000000003 0.7011403509615385
1 0.817203125 0.29134503004807694 0.04087500000000004 0.09853801201923075
1 0.11575 0.38529239783653846 0.04084375 0.08906432932692307
1 0.6702890625 0.41811403485576926 0.045609375 0.061491228365384634
1 0.10867187499999999 0.2316666670673077 0.033093750000000005 0.07198830528846155
1 0.35365624999999995 0.3562573100961538 0.033593749999999985 0.06836257211538467
1 0.314875 0.3854093569711538 0.06268749999999998 0.09807017548076928
1 0.1260234375 0.30805555528846157 0.030140624999999997 0.08657894711538464
1 0.3241875000000001 0.23934210576923076 0.03503125000000002 0.057923975961538456
1 0.7168593750000001 0.25644736778846156 0.04812499999999996 0.0825438605769231
1 0.15031250000000002 0.2970760228365385 0.026093749999999992 0.05491228124999999
1 0.0475390625 0.38419590624999994 0.053734374999999994 0.0790350865384615
1 0.4855769230769231 0.23197115384615385 0.9435096153846154 0.44711538461538464
