1 0.7492109374999999 0.6249791658653846 0.1418281250000001 0.7021250000000001
1 0.4710703125 0.6337083341346154 0.13989062500000002 0.6966249999999999
1 0.3178125 0.60696875 0.15625000000000003 0.5350625
1 0.21914843750000002 0.49108333413461536 0.093078125 0.38712499999999994
1 0.632859375 0.4741666658653846 0.07246875000000005 0.301125
1 0.9514062499999999 0.5325833329326923 0.0960625000000001 0.42245833413461537
1 0.8584453125 0.5848541670673076 0.08904687499999998 0.28495833413461547
1 0.280796875 0.4245833329326923 0.04253124999999999 0.26820833413461537
1 0.692078125 0.45635416586538463 0.059531249999999966 0.22037499999999996
1 0.9905156249999999 0.5783229170673077 0.018968750000000048 0.15210416586538467
1 0.9912578125 0.6685416670673077 0.01748437500000003 0.09379166586538464
