1 0.34558593750000005 0.46066744711538465 0.190421875 0.8359484759615385
1 0.4456484375 0.3044730685096154 0.04176562500000003 0.15358313701923076
1 0.5498984375 0.24781030408653848 0.025359374999999986 0.06817330048076921
1 0.708203125 0.3674824362980769 0.06493750000000002 0.2583840745192308
1 0.7678281250000001 0.3605620600961539 0.06306249999999995 0.28651053846153846
1 0.8315 0.3677517560096154 0.06543749999999995 0.29222482451923076
1 0.9550390624999999 0.35333723677884615 0.08992187500000007 0.31683840625
1 0.9065078125 0.37304449639423076 0.056953124999999986 0.24515222355769228
1 0.4965078125 0.27290398197115384 0.05464062500000001 0.12871194471153846
1 0.6561015625000001 0.3388407487980769 0.051109375000000026 0.1310304447115385
1 0.873421875 0.3413114759615385 0.03856250000000007 0.22964871153846156
1 0.3988125 0.24606557451923075 0.06896875000000001 0.18651053846153845
1 0.983 0.34463700240384615 0.034000000000000016 0.33859484615384616
1 0.5096153846153846 0.3629807692307692 0.7355769230769231 0.2860576923076923
