1 0.194453125 0.6112307692307692 0.17528125 0.7101025625
1 0.8787734375 0.45721794951923084 0.10776562500000007 0.2631538461538462
1 0.4553515625 0.35076923076923083 0.012734374999999964 0.04866666826923073
1 0.68115625 0.4235 0.06631250000000002 0.16494871634615382
1 0.7741796875000001 0.35017948677884614 0.01135937499999989 0.05328205048076917
1 0.7642265625 0.3521538461538461 0.011796875000000066 0.05071794711538464
1 0.7310390625000001 0.3486538461538462 0.010703124999999968 0.056282052884615366
1 0.6857812499999999 0.34403846153846157 0.01331249999999989 0.05961538461538464
1 0.5958828125 0.3515 0.01160937499999999 0.04879487019230769
1 0.44071093750000007 0.3469230769230769 0.01898437500000002 0.056153846153846186
1 0.718796875 0.3535512824519231 0.010218749999999943 0.04710256490384612
