1 0.5931328124999999 0.6890128750000001 0.014953124999999968 0.031373389423076804
1 0.06540625 0.6446995709134615 0.009343750000000001 0.017467810096153887
1 0.5184609375 0.683068669471154 0.013515625000000005 0.025278968750000012
1 0.553 0.6838197427884616 0.016187499999999952 0.02557939903846154
1 0.6804609374999999 0.6813841201923077 0.013515625000000005 0.019334764423076852
1 0.7561875 0.6842918449519231 0.013437500000000076 0.0207296129807692
1 0.7861874999999999 0.5954828317307692 0.01075000000000009 0.02173819711538463
1 0.157890625 0.629860515625 0.006843749999999986 0.013497853365384534
1 0.5779296875 0.6849034338942308 0.012796874999999989 0.02242489182692308
1 0.46469531249999996 0.6846351935096154 0.01042187499999999 0.025364805288461547
1 0.50371875 0.682392704326923 0.00771875000000003 0.02306866826923076
1 0.538453125 0.6830042908653845 0.013843750000000035 0.026738197115384593
1 0.481359375 0.6828111598557692 0.014031249999999974 0.020557939903846127
1 0.4423076923076923 0.6274038461538461 0.8810096153846154 0.13942307692307693
