1 0.7846400000000001 0.6068168161057692 0.011480000000000054 0.05093093028846152
1 0.41037 0.6281381382211539 0.024099999999999993 0.08312312259615383
1 0.8441500000000001 0.6104804807692308 0.01702000000000007 0.06264264423076928
1 0.9226099999999999 0.6250600600961539 0.02342000000000005 0.06267267307692308
1 0.59857 0.5835885889423077 0.005540000000000015 0.023933932692307744
1 0.62056 0.5816816814903846 0.010920000000000075 0.03771771874999995
1 0.45016 0.6280030036057693 0.022079999999999947 0.07606606490384617
1 0.6544000000000001 0.5715615612980769 0.007519999999999937 0.026726728365384582
1 0.58489 0.5928078076923077 0.014820000000000003 0.030000000000000044
1 0.6446400000000001 0.5877177175480769 0.005560000000000078 0.028708709134615394
1 0.63123 0.5875075072115384 0.00698000000000002 0.036336336538461536
1 0.8285100000000001 0.6043543545673077 0.012740000000000041 0.04456456490384609
