1 0.692671875 0.5359601875 0.18890625000000003 0.8337002355769231
1 0.46494531250000004 0.5147540985576923 0.174640625 0.8859016394230769
1 0.303609375 0.5797775180288463 0.21440625 0.7775409831730768
1 0.18009375000000002 0.5915573774038462 0.05446875000000002 0.24002341826923082
1 0.044859375 0.5204332560096154 0.089375 0.5144964879807693
1 0.11128125000000001 0.5320491802884615 0.033749999999999995 0.07562061057692304
1 0.9497890625000001 0.4453747067307692 0.04176562500000003 0.10962529326923075
1 0.8348125 0.43140515264423074 0.02659374999999997 0.03306791586538459
1 0.5566328125 0.45122950841346154 0.017515624999999976 0.05215456490384618
1 0.19259375 0.5652693209134616 0.03665624999999999 0.21142856971153853
1 0.10387500000000001 0.48366510456730766 0.021625000000000005 0.060304449519230745
