1 0.7256206081730768 0.9893593749999999 0.05601873557692304 0.021281250000000022
1 0.8323653401442308 0.9827343749999999 0.050210771634615486 0.03453125000000002
1 0.755140515625 0.9868515625000001 0.027517564903846072 0.02629687500000002
1 0.6026346610576923 0.9832421874999999 0.04508196634615377 0.026921875
1 0.669461358173077 0.984171875 0.031241216346153886 0.031656249999999955
1 0.5368852451923077 0.97865625 0.027119437500000017 0.024562500000000043
1 0.5632669783653846 0.9836093750000001 0.03398126442307696 0.02628125000000012
1 0.5762880564903846 0.9817812500000002 0.015807963942307674 0.027281249999999976
1 0.6265573774038462 0.9816015625 0.016955504807692333 0.02614062500000003
1 0.7860655745192309 0.984953125 0.03625292788461533 0.030093750000000013
1 0.6517447307692308 0.982296875 0.024800937499999957 0.030093750000000013
1 0.7000117091346154 0.9871171875000001 0.030843091346153775 0.025765625000000014
1 0.4887236526442308 0.9788671875 0.05173302163461539 0.026796875000000088
