1 0.9508415036057692 0.6577614375 0.031094771634615406 0.05663398557692317
1 0.7980964050480769 0.6299019603365384 0.015604574519230687 0.04411764663461542
1 0.7773774507211539 0.578807188701923 0.008905228365384698 0.03225490144230768
1 0.8170424831730769 0.5614379074519231 0.011633985576923104 0.023267973557692286
1 0.7939379086538462 0.5724183004807692 0.01075163461538454 0.02042483653846156
1 0.7289297379807693 0.573815359375 0.006715687499999982 0.03174836778846149
1 0.8880555552884615 0.6415686274038461 0.01820261538461542 0.055392158653846085
1 0.9654901959134616 0.5988480384615384 0.009901959134615378 0.0372385625
1 0.7563562091346154 0.5729901959134616 0.007777778846153784 0.024934641826923107
1 0.6883986935096154 0.5623774507211539 0.01241830048076928 0.0327941177884615
1 0.49050653605769234 0.5541258173076924 0.00977124038461535 0.021062091346153854
1 0.4807434639423077 0.581977123798077 0.012173201923076932 0.03437908413461535
1 0.5585620913461539 0.5602124182692307 0.009999999999999992 0.026862745192307698
1 0.6850961538461539 0.6009615384615384 0.6262019230769231 0.15144230769230768
