1 0.4806015625 0.43790624999999994 0.12176562499999996 0.29164583173076924
1 0.19493749999999999 0.26146874999999997 0.03887500000000003 0.058687500000000004
1 0.28796875 0.31234375000000003 0.028437499999999998 0.026687499999999975
1 0.3539296875 0.5898854170673077 0.18876562499999996 0.4247291658653846
1 0.475921875 0.20852083413461536 0.028156249999999987 0.05949999999999999
1 0.07946874999999999 0.3106354170673077 0.03846874999999999 0.05939583413461536
1 0.14745312500000002 0.2746458329326923 0.03668750000000002 0.03708333413461537
1 0.517484375 0.25758333413461537 0.024906250000000043 0.0315
1 0.4281328125 0.2619791658653846 0.036109375000000006 0.03899999999999997
1 0.30203906249999996 0.3144375 0.02470312499999996 0.055541668269230765
1 0.519328125 0.20504166586538464 0.024781249999999994 0.04525
1 0.13516406250000002 0.3325625 0.054421875000000015 0.07016666826923074
1 0.1498203125 0.31682291586538464 0.00864062500000001 0.021687500000000012
1 0.5 0.234375 0.9963942307692307 0.46875
