1 0.5890625 0.4883850132211539 0.23237500000000003 0.519095608173077
1 0.784453125 0.42342377163461536 0.2342500000000001 0.7184754519230769
1 0.3049296875 0.5427260973557693 0.05929687500000004 0.28188630528846154
1 0.336265625 0.5920930228365384 0.03571875000000002 0.18180878605769235
1 0.4292734375 0.6139147295673077 0.02417187499999999 0.09372093028846148
1 0.15925781249999998 0.6304651165865385 0.03373437500000001 0.09364341105769237
1 0.52971875 0.5999354002403846 0.01634374999999995 0.08193798317307689
1 0.11407812500000002 0.6297545216346154 0.026125000000000006 0.10746770192307696
1 0.9710781249999999 0.5489534891826923 0.04028125000000001 0.18948320432692303
1 0.5094531250000001 0.5943927656250001 0.04215625000000001 0.15436692548076925
1 0.07463281249999999 0.6358656334134616 0.042140625 0.13193798317307698
1 0.9046015625 0.5541472860576923 0.03314062499999997 0.18095607211538461
1 0.57884375 0.6059819122596154 0.024906249999999977 0.08715762259615388
1 0.6490384615384616 0.6189903846153846 0.578125 0.09615384615384616
