1 0.1024609375 0.632018780048077 0.10620312499999998 0.13483568028846163
1 0.591578125 0.5 0.43228125000000006 1
1 0.9340703125 0.4607863846153846 0.073796875 0.15068074999999997
1 0.9664062499999999 0.3556103293269231 0.06628125000000008 0.15690140865384614
1 0.8987890625 0.3721830985576923 0.07457812499999997 0.1242253509615385
1 0.7392031250000001 0.2944835685096154 0.1016562500000001 0.13046948317307694
1 0.1833984375 0.5972065721153845 0.137515625 0.20835680769230763
1 0.2707421875 0.5595539903846153 0.116671875 0.26516431730769224
1 0.3944609375 0.6250234735576924 0.09135937500000003 0.12544600961538463
1 0.58765625 0.5101173701923076 0.07353124999999999 0.11924882692307695
1 0.947984375 0.5988732391826923 0.10403124999999996 0.14605633894230768
1 0.6393828125 0.4778286394230769 0.09207812499999998 0.16246478846153847
1 0.6634140625 0.5888145540865385 0.08517187500000006 0.16739436778846153
1 0.5745192307692307 0.41466346153846156 0.8473557692307693 0.5793269230769231
