1 0.3146953125 0.6812916658653846 0.08901562500000004 0.06074999999999998
1 0.1738828125 0.7573229170673077 0.026140624999999994 0.0571041658653845
1 0.7107578125 0.5776874999999999 0.012828125000000003 0.020333331730769285
1 0.09482812499999999 0.77259375 0.04281249999999999 0.0258125
1 0.6708203125 0.5787395841346155 0.01126562499999992 0.017062499999999963
1 0.5341328125 0.57365625 0.009328125000000029 0.02102083173076922
1 0.8118046874999999 0.5753541658653846 0.01170312499999996 0.021625000000000023
1 0.8406718750000001 0.57203125 0.007656250000000005 0.01585416826923072
1 0.18940625000000003 0.5785416670673077 0.009968750000000014 0.02416666586538457
1 0.44374218749999994 0.7196041670673078 0.02051562500000002 0.03554166586538457
1 0.1694140625 0.5798229170673077 0.011953125000000026 0.020020834134615376
1 0.2289921875 0.7705833329326922 0.02239062500000002 0.02191666586538455
