1 0.38378 0.7190266670673077 0.059959999999999965 0.21810666586538469
1 0.057830000000000006 0.45905333413461535 0.059140000000000005 0.13448
1 0.63739 0.41269333293269234 0.02894 0.1093866658653846
1 0.8063400000000001 0.5391733341346154 0.04595999999999993 0.16896000000000008
1 0.8968100000000001 0.44998666586538466 0.03574 0.12104000000000002
1 0.25854 0.7509333329326923 0.10079999999999997 0.22117333413461537
1 0.6210899999999999 0.92804 0.08922000000000001 0.1426400000000001
1 0.58918 0.19992 0.01724000000000001 0.048800000000000024
1 0.49635 0.92248 0.11629999999999999 0.13258666826923074
1 0.41236 0.1904933329326923 0.014399999999999986 0.05757333413461539
1 0.04048 0.29868 0.024320000000000005 0.07858666826923073
1 0.43104 0.19016 0.01532 0.06090666826923078
