1 0.7307656250000001 0.8748130841346153 0.1675624999999999 0.24509345673076915
1 0.7813125000000001 0.9692523365384615 0.09378125000000008 0.06149532692307698
1 0.433046875 0.9740420564903846 0.13762500000000003 0.051915887019230805
1 0.46066406249999997 0.5384929903846154 0.107265625 0.27413551442307693
1 0.6377109374999999 0.5620911213942308 0.10714062499999996 0.21151868990384606
1 0.7289218749999999 0.5157593461538461 0.07681250000000002 0.3322663557692307
1 0.744609375 0.2976752331730769 0.05521875000000001 0.15422897115384615
1 0.675203125 0.2925934579326923 0.056999999999999974 0.1416355120192308
1 0.5283828125000001 0.18342289783653845 0.020234374999999975 0.028808411057692326
1 0.6408984375 0.2965537379807692 0.047765624999999985 0.13301401923076928
1 0.9678359375000001 0.9253037379807693 0.06339062499999998 0.14939252403846154
1 0.713546875 0.24823598076923076 0.035406249999999966 0.04740654326923076
1 0.14039062500000002 0.2969392524038461 0.04825000000000001 0.16238317788461534
1 0.4963942307692308 0.16826923076923078 0.9903846153846154 0.33653846153846156
