1 0.5625 0.6479791658653847 0.24384374999999997 0.6771250000000001
1 0.43629687500000003 0.49649999999999994 0.047812500000000036 0.18391666826923075
1 0.4668828125 0.4611458341346154 0.03382812499999998 0.13074999999999998
1 0.34465625 0.40581249999999996 0.02528124999999999 0.06229166826923075
1 0.2651953125 0.39648958293269226 0.011171874999999986 0.05747916586538458
1 0.0874296875 0.40717708293269234 0.03560937500000001 0.10427083413461545
1 0.12464062499999999 0.41565625 0.0354375 0.11281249999999995
1 0.8388671875 0.65840625 0.16801562499999997 0.4533958317307692
1 0.25434375 0.4248124999999999 0.02734375 0.10450000000000002
1 0.44940625 0.41378124999999993 0.01159374999999995 0.025520831730769186
1 0.22625 0.39553125 0.01143749999999999 0.03385416826923072
1 0.280515625 0.41994791706730766 0.023906250000000018 0.07422916586538462
1 0.147421875 0.3924479170673077 0.012968750000000008 0.0790208341346154
1 0.5 0.4182692307692308 0.9963942307692307 0.17307692307692307
