1 0.22289062499999998 0.1141145829326923 0.03946874999999999 0.1283958341346154
1 0.2553046875 0.09126041706730768 0.012984374999999996 0.04435416586538461
1 0.6285546875 0.1135 0.008734375000000063 0.029124999999999998
1 0.06290625 0.11188541706730769 0.03734375000000001 0.03252083413461538
1 0.4132265625 0.5530416670673077 0.209609375 0.6027083341346154
1 0.024359375 0.10282291586538461 0.0279375 0.03156250000000001
1 0.028265625 0.09765625 0.0165 0.019062500000000017
1 0.618765625 0.11203125000000001 0.007500000000000011 0.03127083173076923
1 0.8288359375 0.12861458413461538 0.012453125000000124 0.029812500000000002
1 0.43834375 0.1198854170673077 0.23531249999999998 0.2397708341346154
1 0.135828125 0.08041666706730768 0.01621875 0.04633333413461539
1 0.0954765625 0.11803125 0.035046875000000005 0.03985416826923078
1 0.7537734375 0.12329166586538462 0.00529687499999991 0.024625
1 0.7259615384615384 0.12860576923076922 0.18629807692307693 0.039663461538461536
