1 0.9063203125 0.8951979170673077 0.08470312499999995 0.20960416586538463
1 0.9612421875 0.86046875 0.028921874999999986 0.05681250000000004
1 0.979734375 0.9076458329326923 0.04053124999999998 0.18470833413461535
1 0.5253359375 0.8653645841346154 0.111484375 0.1721875
1 0.6037578125 0.8206979158653847 0.055484375000000016 0.09381250000000002
1 0.4501171875 0.85784375 0.029984375000000004 0.10868750000000013
1 0.47187500000000004 0.87628125 0.044000000000000004 0.12318749999999995
1 0.337453125 0.879625 0.07353125000000003 0.16283333173076928
1 0.2372734375 0.9006458329326923 0.05245312499999999 0.09083333413461545
1 0.8532187499999999 0.91975 0.03734375000000006 0.15604166826923083
1 0.68571875 0.8129895841346154 0.27662500000000007 0.34806249999999994
1 0.426625 0.8823229158653846 0.05065624999999995 0.1246875
1 0.2956730769230769 0.59375 0.4675480769230769 0.7463942307692307
