1 0.7440632319711539 0.8201484375000001 0.13501170913461527 0.216171875
1 0.434859484375 0.4404765625 0.07074941586538462 0.09507812500000003
1 0.2926697896634615 0.40972656250000006 0.042857141826923066 0.082265625
1 0.5748946129807693 0.407890625 0.05531615865384619 0.08987500000000001
1 0.24530444951923075 0.3436875 0.03843091346153844 0.02971875
1 0.7339110060096155 0.41939843749999994 0.06608899278846153 0.05967187499999999
1 0.691498829326923 0.252328125 0.042529274038461434 0.03603124999999997
1 0.8185714278846153 0.12879687499999998 0.03386416826923075 0.03971875000000001
1 0.7596487127403845 0.3164453125 0.030304449519230767 0.07814062499999998
1 0.37182669831730775 0.322703125 0.04913348798076927 0.05437499999999998
1 0.38699063221153845 0.21885937500000002 0.03393442788461534 0.029375
1 0.4687939110576923 0.34695312500000003 0.02822013942307691 0.02159375000000001
1 0.35861826802884617 0.4201953125 0.05199063221153842 0.06982812500000005
1 0.4987980769230769 0.18629807692307693 0.9975961538461539 0.3713942307692308
