1 0.601015625 0.7306875 0.12009375000000001 0.36916666826923067
1 0.2971328125 0.7142708329326923 0.079828125 0.32541666586538465
1 0.4221875 0.5346979158653846 0.006749999999999983 0.039312500000000035
1 0.5995546875 0.5260729170673077 0.02007812500000005 0.05314583413461538
1 0.539890625 0.52996875 0.018749999999999958 0.06477083173076927
1 0.6079609374999999 0.5213125000000001 0.01757812499999993 0.03125
1 0.6599062499999999 0.5278541670673077 0.015281250000000067 0.056041665865384616
1 0.054515625 0.6056979158653847 0.05243750000000001 0.16318750000000007
1 0.7022734375 0.5268854170673076 0.02082812500000008 0.05552083413461538
1 0.8226796874999999 0.5124791670673077 0.017828124999999966 0.05045833413461539
1 0.3600625 0.54696875 0.02546875 0.06047916826923077
1 0.32378124999999996 0.5426145829326923 0.01856250000000002 0.04952083413461535
1 0.4062265625 0.5377083341346154 0.013515625000000005 0.050499999999999955
1 0.47475961538461536 0.5240384615384616 0.8028846153846154 0.10216346153846154
