1 0.49001562499999995 0.7244823533653846 0.11309374999999999 0.3236
1 0.4409609375 0.591211764423077 0.09076562499999999 0.18303529326923085
1 0.25687499999999996 0.7655647055288461 0.14421874999999998 0.311364704326923
1 0.10775 0.7176588233173077 0.212125 0.33945882451923076
1 0.10443749999999999 0.38228235336538463 0.08378125 0.10814117788461544
1 0.25684375000000004 0.3937764699519231 0.05321874999999999 0.07752941105769227
1 0.8961718750000001 0.5505058822115385 0.08237500000000007 0.20783529326923073
1 0.3038359375 0.34703529326923077 0.03929687500000002 0.10602352884615386
1 0.3766875 0.38871764663461544 0.05475000000000003 0.07734117788461542
1 0.5003828124999999 0.38554117668269233 0.04251562499999999 0.08284706009615388
1 0.048351562499999994 0.6419411766826923 0.072671875 0.14303529567307696
1 0.16978125000000002 0.38318823557692305 0.053156250000000016 0.10345882211538455
1 0.180671875 0.3092588233173077 0.02187500000000002 0.0710352956730769
1 0.5 0.35096153846153844 0.9963942307692307 0.7007211538461539
