1 0.571515625 0.5488368052884615 0.08993749999999998 0.470173610576923
1 0.5358671875 0.4481597223557692 0.045328124999999955 0.26270833413461536
1 0.4505078125 0.48090277764423084 0.08798437499999998 0.38201388701923084
1 0.354359375 0.4644097223557692 0.03624999999999996 0.29305555528846156
1 0.2415625 0.4269791670673077 0.06609374999999998 0.34520833413461544
1 0.14258593749999998 0.44718749999999996 0.05460937499999999 0.26965277884615385
1 0.6844062499999999 0.6557118052884616 0.13021875 0.2999652788461538
1 0.501671875 0.5230034723557693 0.04056249999999999 0.16399305528846156
1 0.7652109375000001 0.7671527776442308 0.07739062500000002 0.2869444447115384
1 0.08134374999999999 0.5401041670673077 0.06828124999999999 0.17159722355769239
1 0.28583593749999997 0.3924826382211538 0.031265625000000005 0.1538541658653846
1 0.3115625 0.3762326382211538 0.03337499999999997 0.18163194471153848
