1 0.29863281249999996 0.5966296298076923 0.377328125 0.6090000000000001
1 0.510046875 0.42697222115384614 0.20478124999999997 0.40449999999999997
1 0.4006015625 0.38736111177884613 0.16467187499999994 0.4368333341346154
1 0.2047421875 0.38995370312499994 0.051421874999999985 0.1399444447115385
1 0.118296875 0.4970092596153846 0.13712500000000002 0.2662407403846153
1 0.9640234375 0.5703888882211537 0.071953125 0.2090740745192308
1 0.6474140625 0.46398148197115385 0.350734375 0.4140740745192308
1 0.1663046875 0.4080648149038461 0.049546875 0.10198148076923076
1 0.8610625 0.5352314819711539 0.1272812499999999 0.3180555552884615
1 0.06926562500000001 0.2317037043269231 0.08278125 0.09251851923076922
1 0.953 0.41832407331730764 0.04290624999999997 0.05683333413461536
