1 0.47832031250000007 0.5738785048076923 0.650765625 0.8250934567307693
1 0.6414140625000001 0.5327920552884615 0.16417187500000002 0.4273598125
1 0.830609375 0.6126168221153846 0.33878125 0.75
1 0.961828125 0.2479672908653846 0.07237500000000001 0.24462616826923073
1 0.36080468749999994 0.47783878485576925 0.13404687499999998 0.30810747836538466
1 0.42165624999999995 0.424894859375 0.04553125000000001 0.12315420432692306
1 0.022632812499999995 0.48779205528846153 0.044984375 0.15198598076923078
1 0.5134375 0.2987733641826923 0.06540625000000001 0.08184579567307694
1 0.1367578125 0.6786565420673077 0.273515625 0.6157243004807692
1 0.9058437500000001 0.3646261682692308 0.18831250000000005 0.2625700913461539
