1 0.6139895829326923 0.8898046875 0.03835416586538461 0.06073437499999994
1 0.58565625 0.8948203125 0.0320208317307692 0.05517187500000002
1 0.15178125 0.909359375 0.10972916826923079 0.12415625
1 0.07278124999999999 0.94675 0.0706875 0.10649999999999994
1 0.4816666670673077 0.8924921875 0.030666665865384655 0.040328125
1 0.8307604158653845 0.8961015625 0.022437500000000006 0.03539062500000006
1 0.9242604158653847 0.8676328125 0.011562500000000005 0.026765625000000008
1 0.9359375000000001 0.8653515625 0.013124999999999951 0.031078124999999963
1 0.03455208293269231 0.95640625 0.06260416586538461 0.08606250000000006
1 0.1410208329326923 0.9620546875 0.10604166586538463 0.07417187500000001
1 0.555125 0.897203125 0.01866666826923076 0.03506250000000003
1 0.7451249999999999 0.8931171874999999 0.019874999999999934 0.043765625000000016
1 0.9874166670673077 0.8824296875 0.02516666586538463 0.051859375000000055
1 0.44591346153846156 0.8810096153846154 0.8870192307692307 0.08653846153846154
