1 0.45102343749999996 0.5358665108173077 0.393421875 0.7129976562499999
1 0.1992890625 0.8323419194711538 0.07329687500000001 0.22548009374999994
1 0.11434375 0.7325761129807693 0.03728125 0.14313817307692306
1 0.152609375 0.7257962524038462 0.0371875 0.1574941442307692
1 0.21862499999999999 0.7054918028846154 0.042624999999999996 0.14971897115384605
1 0.38036718750000004 0.6415807956730769 0.05739062499999996 0.09313817307692311
1 0.57803125 0.6380327872596153 0.03278125 0.12992974278846153
1 0.0299765625 0.7408665108173077 0.044234375 0.16309133413461543
1 0.6091953125 0.6244964867788462 0.03454687499999999 0.1469320841346154
1 0.30009375 0.6882318497596155 0.04306249999999997 0.17351288221153843
1 0.714921875 0.5713934423076923 0.029781249999999888 0.12672131250000002
1 0.760875 0.5609484771634615 0.04446875000000006 0.12466042067307691
