1 0.5511484375 0.5240866514423076 0.08164062499999994 0.4089227163461538
1 0.7500703125 0.32548009375000003 0.10276562499999997 0.19437938942307695
1 0.819828125 0.10015222475961538 0.07287500000000008 0.20030444951923077
1 0.755640625 0.10899297475961539 0.07196874999999991 0.1820140504807692
1 0.264625 0.2573067908653846 0.07946874999999999 0.11011709615384618
1 0.50478125 0.13180327884615387 0.07537499999999998 0.24229508173076922
1 0.46920312499999994 0.03981264663461538 0.02853125 0.0794379375
1 0.61596875 0.168079625 0.06906250000000004 0.15156908653846154
1 0.6875703125000001 0.19001170913461538 0.07423437500000005 0.20274004807692306
1 0.6177109375000001 0.2573067908653846 0.06895312500000003 0.09662763461538458
1 0.131015625 0.5759484771634615 0.1075 0.3699297427884616
1 0.8665703124999999 0.23553864182692305 0.08082812500000003 0.2428805625
1 0.2657421875 0.5727049182692308 0.17132812500000003 0.6848009374999999
1 0.7487980769230769 0.23317307692307693 0.4831730769230769 0.46153846153846156
