1 0.7966627632211539 0.4663515625 0.1723887572115385 0.13604687500000004
1 0.562962530048077 0.3702421875 0.10269320913461542 0.12160937499999996
1 0.5182669795673077 0.4419609375 0.20669789182692308 0.258234375
1 0.21252927403846153 0.4161484375 0.1348946153846154 0.18579687499999997
1 0.34984777524038463 0.35484375 0.1638641706730769 0.12175
1 0.25637002403846154 0.33650781250000006 0.07737704807692307 0.08776562500000001
1 0.3014519903846154 0.31594531249999996 0.05569086538461539 0.06667187499999996
1 0.44477751682692307 0.3116484375 0.05156908653846155 0.08198437499999998
1 0.34355971874999996 0.8011250000000001 0.30313817307692303 0.3707812499999999
1 0.6362177980769231 0.700265625 0.25051522115384617 0.47381249999999997
1 0.7815573774038462 0.3646484375 0.10555035096153836 0.185859375
1 0.8739578461538462 0.377765625 0.1006088990384615 0.19921875
1 0.6567096021634615 0.402234375 0.13065573798076924 0.19237500000000002
1 0.5060096153846154 0.27524038461538464 0.8425480769230769 0.27163461538461536
