1 0.5384765625000001 0.52471875 0.16348437500000007 0.27189583173076926
1 0.5180156250000001 0.2855520829326923 0.20984374999999997 0.37822916586538463
1 0.137890625 0.2892395829326923 0.27578125 0.5784791658653846
1 0.3912890625 0.41583333413461543 0.123046875 0.37287499999999996
1 0.316515625 0.4963229170673077 0.13396875 0.26914583413461546
1 0.30084374999999997 0.5573020841346155 0.25787499999999997 0.3370625
1 0.3859921875 0.26482291706730765 0.11314062499999998 0.2131041658653846
1 0.835390625 0.4943854170673077 0.32921874999999995 0.9887708341346154
1 0.09972656249999999 0.5879166670673077 0.19945312499999998 0.4455416658653846
1 0.15535156249999998 0.5721770829326923 0.08329687499999999 0.17602083413461533
1 0.23182031250000001 0.180125 0.129921875 0.3595416682692308
1 0.9519609375000001 0.4521562499999999 0.09607812500000001 0.20831249999999996
