1 0.1882890625 0.8717425432692308 0.276828125 0.2151962307692308
1 0.47325000000000006 0.7236577704326923 0.10262499999999995 0.10204081490384617
1 0.9255468750000001 0.8847331237980769 0.09865624999999999 0.18855572836538464
1 0.15880468749999999 0.41160910576923077 0.196234375 0.09857142788461541
1 0.8924921875 0.4366169543269231 0.04854687500000009 0.1615855576923077
1 0.8201171875 0.4373940348557692 0.07467187499999994 0.1485714302884615
1 0.18114843749999998 0.08882260576923076 0.08992187499999998 0.1193720576923077
1 0.5305625 0.08050235456730769 0.07306250000000002 0.10496075240384616
1 0.81303125 0.12627943389423077 0.1364375000000001 0.15956043990384616
1 0.453171875 0.7732182103365385 0.15171875 0.15927786298076924
1 0.47995312500000004 0.0984222920673077 0.09074999999999996 0.08485086298076923
1 0.381234375 0.6007927788461538 0.04815625000000004 0.10729984134615382
1 0.559390625 0.715 0.057031249999999985 0.0851334375000001
