1 0.49808962259615386 0.7963593749999999 0.07863207692307696 0.056343750000000054
1 0.8470165096153847 0.9447890624999999 0.21591981250000009 0.107578125
1 0.63625 0.5985390625 0.03589622596153838 0.03276562500000003
1 0.15794811298076922 0.5601640625000001 0.023679245192307692 0.018828125000000025
1 0.8665212259615385 0.753765625 0.11917452884615379 0.05731249999999996
1 0.7825707548076923 0.7574140625 0.10650943269230773 0.0390781249999999
1 0.8305306610576924 0.593625 0.04436320673076917 0.022625000000000013
1 0.08154481129807692 0.5551484375 0.017523584134615376 0.032171874999999996
1 0.32035377403846155 0.6618515625 0.07056603846153847 0.0405781250000001
1 0.11748820793269231 0.51103125 0.007193396634615396 0.005062499999999987
1 0.9436202824519231 0.5556796875000001 0.024834906250000007 0.03910937500000005
1 0.49042452884615384 0.5426015625 0.013490567307692313 0.012765624999999977
1 0.04281839543269231 0.563484375 0.040306603365384615 0.03706250000000001
1 0.4579326923076923 0.6682692307692307 0.9146634615384616 0.3389423076923077
