1 0.6220781249999999 0.40196875 0.161125 0.34881249999999997
1 0.9506640625 0.9164583329326923 0.09867187500000003 0.16708333413461537
1 0.07415625 0.505625 0.07415624999999999 0.301125
1 0.82115625 0.3897604158653846 0.034156249999999874 0.16968750000000005
1 0.8967734375 0.38360416706730766 0.04310937499999996 0.15795833413461535
1 0.49532031249999997 0.4143229170673077 0.04864062499999999 0.2168541658653846
1 0.43082031249999997 0.4164166658653846 0.05067187499999999 0.23487500000000003
1 0.44675781249999996 0.32382291706730765 0.015140624999999975 0.027770834134615417
1 0.3254375 0.42211458293269233 0.03824999999999998 0.17489583413461543
1 0.27615625 0.514625 0.05196875 0.13862500000000003
1 0.17828124999999997 0.5025208329326922 0.04646875000000001 0.2432916658653846
1 0.7677890625000001 0.33938541706730774 0.021734374999999966 0.04314583413461538
1 0.22396093749999998 0.48518750000000005 0.05804687500000002 0.23220833173076924
1 0.4987980769230769 0.5204326923076923 0.9975961538461539 0.9591346153846154
