1 0.0132109375 0.7006014146634615 0.026421875 0.15643868028846164
1 0.14070312499999998 0.639292453125 0.016249999999999994 0.06523584855769239
1 0.8024921875000002 0.6484669807692308 0.020796874999999996 0.07231132211538463
1 0.5291171875 0.6001415096153846 0.007328124999999976 0.018584903846153873
1 0.7628984375 0.6364504711538461 0.01792187500000007 0.04318396153846148
1 0.72403125 0.6412028305288462 0.015593749999999918 0.057452829326923055
1 0.7016953125000001 0.6426297175480769 0.017734374999999993 0.030872641826923005
1 0.0240703125 0.6561320757211538 0.018171874999999997 0.10990566105769237
1 0.1003203125 0.6812264146634616 0.018796874999999994 0.03990566105769229
1 0.21558593750000002 0.6487499999999999 0.017765625000000007 0.09240565865384608
1 0.7574765625000001 0.6709433954326923 0.016171874999999912 0.04127358413461534
1 0.18128906250000001 0.654292453125 0.01929687500000001 0.0815094350961538
1 0.6208828125000001 0.6178301887019231 0.014703125000000004 0.031226415865384584
1 0.38341346153846156 0.6298076923076923 0.6177884615384616 0.037259615384615384
