1 0.3252265624999999 0.44876760576923075 0.06679687499999999 0.1601643173076923
1 0.16700781250000002 0.44636150240384614 0.055109375 0.13840375480769232
1 0.20556250000000004 0.4832863846153846 0.08990625 0.10633802884615388
1 0.131921875 0.14407276923076923 0.035531250000000014 0.051901408653846154
1 0.20808593749999998 0.13528168990384615 0.033453125 0.03934272115384617
1 0.171421875 0.13620892067307694 0.036437500000000005 0.045375586538461535
1 0.1446640625 0.08045774639423077 0.04104687500000001 0.05589201682692308
1 0.09304687499999999 0.14886150240384616 0.03571875000000001 0.04579812019230768
1 0.1791796875 0.08380281730769229 0.02860937500000003 0.06713614903846153
1 0.8627656249999999 0.0968427235576923 0.04946875000000002 0.13739436538461536
1 0.755265625 0.1159272295673077 0.042687499999999955 0.12016431971153844
1 0.062640625 0.1598239435096154 0.026187500000000006 0.03561032932692309
1 0.471 0.18687793509615383 0.03971874999999999 0.05816901442307694
1 0.48677884615384615 0.11057692307692307 0.9735576923076923 0.20673076923076922
