1 0.80315 0.7019733341346153 0.06601999999999997 0.30016
1 0.33144999999999997 0.7214266670673077 0.10006000000000004 0.3749066658653847
1 0.24874000000000002 0.6853066658653847 0.06856000000000001 0.26576
1 0.09341999999999999 0.6366133341346154 0.03812 0.15408000000000002
1 0.062279999999999995 0.6539866670673077 0.04204 0.19394666586538462
1 0.91357 0.6214533329326923 0.028059999999999974 0.06829333413461541
1 0.60842 0.6382 0.023600000000000065 0.07192000000000001
1 0.44457 0.6494533329326924 0.09001999999999999 0.17165333413461542
1 0.51917 0.5908933341346153 0.01757999999999998 0.04519999999999994
1 0.50183 0.5913733341346153 0.01914000000000002 0.04776000000000004
1 0.87051 0.71348 0.07921999999999994 0.32584
1 0.766 0.73556 0.04679999999999997 0.2057333317307692
1 0.88182 0.6063866658653846 0.016520000000000003 0.04408000000000005
