1 0.2316171875 0.6024765252403846 0.26835937500000007 0.7612441322115385
1 0.34199218750000004 0.37350938942307693 0.062234374999999995 0.24246478846153843
1 0.37043750000000003 0.6177347415865384 0.1351875 0.3118075120192308
1 0.481109375 0.5423826298076923 0.1515 0.3099295769230769
1 0.920296875 0.6386267596153845 0.09946875000000005 0.6722769951923078
1 0.2877578125 0.307711266826923 0.03189062500000002 0.11190140865384614
1 0.0421953125 0.3528051634615385 0.084390625 0.23809859134615388
1 0.14675 0.3630516430288461 0.06265625 0.1466666658653846
1 0.5781562499999999 0.45051643149038456 0.051125000000000004 0.3047887331730769
1 0.30443749999999997 0.3431807512019231 0.032531250000000005 0.13335680528846153
1 0.2735546875 0.41240610336538464 0.064796875 0.1698356826923077
1 0.7996562500000001 0.6347183100961539 0.28718749999999993 0.6891079807692306
1 0.6522109375 0.6676995300480768 0.11664062500000003 0.5686854447115385
