1 0.4959453125 0.3006759903846154 0.22192187500000002 0.42116549999999997
1 0.5086250000000001 0.8138578088942308 0.04506250000000002 0.16062937259615387
1 0.4762890625 0.8023076923076923 0.05057812499999995 0.1868065288461539
1 0.595 0.7633682980769231 0.03374999999999998 0.1959673653846154
1 0.6675546875000001 0.8148018653846154 0.053109375000000014 0.1584615384615385
1 0.65359375 0.7698834495192308 0.05121875000000004 0.19230769230769232
1 0.7740234374999999 0.7705477848557692 0.053140625000000094 0.18291375240384605
1 0.7960859374999999 0.8539277391826924 0.07982812500000004 0.10785547836538466
1 0.204109375 0.852808858173077 0.037656250000000016 0.04268065384615373
1 0.5574453125 0.7672261069711538 0.051140625000000044 0.20344988221153848
1 0.276859375 0.8124242427884615 0.045875000000000006 0.13435897596153842
