1 0.862046875 0.4778428918269231 0.12615625 0.489950125
1 0.74215625 0.3397755612980769 0.07196875000000005 0.13486284374999996
1 0.6669531249999999 0.3478179555288462 0.0428125 0.16117206971153844
1 0.07110156249999999 0.38539900240384617 0.08026562500000001 0.2584289278846154
1 0.168625 0.3743765588942308 0.046250000000000006 0.18451371394230773
1 0.12375000000000001 0.37098503846153846 0.05162500000000002 0.18311720673076926
1 0.3622890625 0.2942643389423077 0.022828124999999994 0.08758104807692305
1 0.30900781250000003 0.2942892764423077 0.014234375000000021 0.07092269230769227
1 0.21253125 0.28416458894230767 0.024812500000000008 0.047680798076923075
1 0.18840625000000003 0.34623441346153844 0.03631250000000002 0.1592518701923077
1 0.1427578125 0.3177680793269231 0.02295312500000001 0.08241895192307694
1 0.2503828125 0.2993266838942308 0.017078125000000003 0.08259351682692308
1 0.576078125 0.2904738161057692 0.014187500000000037 0.05411471394230771
1 0.39663461538461536 0.359375 0.7860576923076923 0.21995192307692307
