1 0.55090625 0.6167259423076923 0.2223437500000001 0.500230125
1 0.636296875 0.31016736418269225 0.05224999999999998 0.15100418509615385
1 0.5021875 0.2990062764423077 0.02853125 0.1010669471153846
1 0.846453125 0.3006799158653846 0.06196874999999999 0.16805439423076923
1 0.7658359375000001 0.33867154807692307 0.06685937500000008 0.1734937259615385
1 0.8193828125 0.2930334723557692 0.03582812499999996 0.15606694471153842
1 0.7044296874999999 0.31782426802884617 0.045828125000000025 0.12564853605769233
1 0.810546875 0.1919246862980769 0.006656250000000013 0.01794979086538461
1 0.7415546875000001 0.3240167367788462 0.032796874999999906 0.14435146394230772
1 0.584390625 0.3112447704326923 0.04925 0.14889121394230764
