1 0.5394988341346154 0.47237499999999993 0.22347319230769236 0.26690624999999996
1 0.36517482451923083 0.1765078125 0.07818181730769226 0.105609375
1 0.3943006983173077 0.1991640625 0.05694638701923076 0.069015625
1 0.20006993028846154 0.1828359375 0.11179487019230769 0.132421875
1 0.3106876454326923 0.06603125 0.07904429086538461 0.0970625
1 0.38474359014423076 0.12035937499999999 0.09862470913461542 0.082625
1 0.5363869471153847 0.29775 0.18773892788461535 0.20450000000000002
1 0.5066550108173077 0.10459375000000001 0.039930069711538445 0.020218750000000004
1 0.2749883449519231 0.1423828125 0.09627039663461542 0.14004687500000002
1 0.4290442884615384 0.32296093750000004 0.10797202884615388 0.095796875
1 0.4562820516826923 0.2557265625 0.07340326201923074 0.10226562499999997
1 0.4433682992788462 0.1971328125 0.05839160817307692 0.05592187499999998
1 0.33017482572115386 0.3365859375 0.11526806490384615 0.08679687500000001
1 0.5817307692307693 0.2608173076923077 0.7992788461538461 0.5216346153846154
