1 0.6276640625 0.35563231850961535 0.05267187500000004 0.14128805528846156
1 0.375453125 0.5643091334134616 0.13015624999999995 0.4829508197115384
1 0.18934374999999998 0.315199063701923 0.05287499999999999 0.15569086778846153
1 0.8205546875 0.2914168629807692 0.032796875000000045 0.13674473076923072
1 0.8946015625 0.31860655769230767 0.04251562500000006 0.12822013942307692
1 0.9237656250000001 0.326978921875 0.0258125 0.12079625240384617
1 0.9479453124999999 0.31297423798076923 0.04342187500000008 0.16566744711538461
1 0.1415546875 0.27567915745192306 0.030921875000000005 0.1295784543269231
1 0.0435 0.292740046875 0.0564375 0.12463700240384613
1 0.018734375 0.21064402764423076 0.03746875 0.16391100721153848
1 0.23853906249999998 0.5020140516826923 0.13304687500000004 0.48009367548076926
1 0.1304140625 0.40701405168269233 0.06651562500000001 0.30836065625
1 0.063734375 0.23537470793269233 0.03421875 0.15355971875
1 0.5096153846153846 0.5396634615384616 0.2980769230769231 0.5925480769230769
