1 0.7171328124999999 0.5943854170673077 0.49045312500000005 0.7842708341346154
1 0.31988281250000006 0.96665625 0.024046875000000006 0.06668750000000004
1 0.1364296875 0.9594479170673077 0.05904687500000001 0.08110416586538459
1 0.3536015625 0.9762500000000001 0.012546875000000025 0.04612499999999997
1 0.2293125 0.95915625 0.05115624999999998 0.08168750000000007
1 0.37363281249999997 0.9540208341346154 0.012640624999999996 0.02725000000000003
1 0.34151562499999993 0.96721875 0.011156249999999979 0.03172916826923082
1 0.4787265625 0.9618645829326922 0.017015625000000048 0.07272916586538464
1 0.056820312500000004 0.93259375 0.009484374999999998 0.033479168269230704
1 0.43819531249999993 0.9841249999999999 0.03448437499999997 0.03175000000000006
1 0.26349218750000003 0.95825 0.019671874999999988 0.053000000000000005
1 0.9613515624999999 0.9606562500000001 0.02007812500000005 0.04872916826923069
1 0.0635234375 0.9566041670673078 0.03017187500000001 0.08679166586538455
1 0.2403846153846154 0.9387019230769231 0.47836538461538464 0.11899038461538461
