1 0.712921875 0.48625 0.05393750000000011 0.20450000000000002
1 0.6282890624999999 0.4741875 0.064796875 0.22141666826923073
1 0.48511718749999994 0.478625 0.080578125 0.239125
1 0.36603125000000003 0.49496875 0.05071874999999997 0.2535208317307693
1 0.285671875 0.4322083329326923 0.08259375000000002 0.3438333341346154
1 0.8733828124999999 0.46095833293269234 0.04354687499999999 0.1322916658653846
1 0.9213828125 0.4610520829326923 0.03195312500000004 0.13172916586538458
1 0.9766953125 0.4609583341346154 0.030984374999999995 0.13037499999999996
1 0.343671875 0.4951875 0.029031249999999995 0.2505833317307692
1 0.38258593750000003 0.47782291586538467 0.027796875000000013 0.25618749999999996
1 0.8969374999999999 0.46569791586538456 0.03146875000000002 0.1214375
