1 0.8518593750000001 0.6607999999999999 0.05262499999999999 0.24056470673076916
1 0.6758046875 0.667035294471154 0.04629687500000001 0.2465411754807692
1 0.173921875 0.6471058822115385 0.045218750000000016 0.16847058653846153
1 0.74659375 0.6225882355769231 0.022281249999999878 0.05872941346153844
1 0.330015625 0.6770588233173077 0.03703125 0.07237646874999999
1 0.2655859375 0.6411882355769231 0.04104687500000001 0.14294117788461536
1 0.22875781250000002 0.6512588233173078 0.017796874999999986 0.05635293990384609
1 0.40634374999999995 0.6421176478365385 0.02028124999999996 0.1156705889423077
1 0.7293203125 0.6840352932692307 0.03470312500000006 0.07098823557692299
1 0.592171875 0.6245176466346154 0.023156250000000024 0.10494117788461545
1 0.2135 0.6329764711538461 0.01806249999999999 0.05282352884615381
1 0.54075 0.6665411766826923 0.087625 0.08042353124999999
1 0.454359375 0.6073647055288462 0.028343749999999994 0.04630588221153848
1 0.5 0.6887019230769231 0.9963942307692307 0.24278846153846154
