1 0.871515625 0.46357142788461536 0.12293750000000013 0.48433255288461535
1 0.24827343749999997 0.3290163930288461 0.033296875000000004 0.10632318509615385
1 0.15753125 0.33532786899038464 0.024437499999999994 0.10175643990384617
1 0.08346875 0.35985948437500004 0.03462499999999999 0.1304449639423077
1 0.14149218749999998 0.346299765625 0.021390625000000014 0.1010304447115385
1 0.31363281249999997 0.3519437944711538 0.05039062499999998 0.07967213221153847
1 0.06475 0.3443559723557692 0.016937499999999998 0.06810304567307696
1 0.18640624999999997 0.339379390625 0.030843750000000007 0.08428571394230772
1 0.20972656250000002 0.32851287980769234 0.033828125000000014 0.1059250576923077
1 0.23120312499999998 0.3304566742788462 0.026874999999999982 0.10292740144230768
