1 0.5379140625 0.6771294122596154 0.169421875 0.41472941105769223
1 0.5957343749999999 0.49709411658653846 0.07581249999999996 0.3228941177884615
1 0.21004687500000002 0.3951764711538462 0.07125000000000001 0.3296
1 0.11447656249999999 0.3155764711538461 0.069421875 0.17195294230769229
1 0.36038281250000004 0.29214117668269235 0.06117187499999998 0.08988235336538461
1 0.0470859375 0.2340823533653846 0.09182812500000001 0.1493411778846154
1 0.5758203125 0.3175647055288462 0.05682812500000001 0.11710588221153848
1 0.5057421875 0.31356470552884613 0.060046875000000006 0.10675293990384614
1 0.9718984375 0.39182353004807696 0.05620312499999996 0.11211764663461538
1 0.46279687500000005 0.2946941165865385 0.0565625 0.11809411778846152
1 0.415828125 0.2947529411057692 0.0499375 0.10677646874999999
1 0.9185078124999999 0.3802117644230769 0.05789062499999996 0.11374117788461537
1 0.72746875 0.1857294122596154 0.0546875 0.09404706009615385
1 0.7199519230769231 0.19471153846153846 0.45913461538461536 0.14543269230769232
