1 0.7766171875000001 0.13423887620192307 0.02798437500000002 0.1129274014423077
1 0.8088203125 0.14284543389423077 0.025453125000000024 0.09885245913461538
1 0.854890625 0.11957845432692307 0.010749999999999952 0.0490398125
1 0.927046875 0.14334894591346153 0.021156250000000106 0.10491803125
1 0.9595234374999999 0.12183840745192308 0.026734375000000064 0.05295081971153846
1 0.3387265625 0.10847775240384615 0.015046875000000006 0.06323185096153847
1 0.7416328125 0.12489461298076923 0.00876562499999987 0.038079625
1 0.8664921875 0.11838407451923078 0.010703124999999968 0.039391100961538465
1 0.6723515625 0.1347658076923077 0.0266718749999999 0.08025761057692306
1 0.87378125 0.11813817307692309 0.006718749999999902 0.03590163942307693
1 0.3797734375 0.10386416826923076 0.013203125000000017 0.03892271634615384
1 0.700375 0.11153395793269232 0.009531250000000076 0.051124122596153856
1 0.6538461538461539 0.1346153846153846 0.6862980769230769 0.13822115384615385
