1 0.7515624999999999 0.7789786213942307 0.027593749999999966 0.16798099759615395
1 0.664484375 0.7487054627403846 0.02418750000000003 0.12520190144230775
1 0.6409921875 0.7452137764423076 0.020703125000000027 0.12719714903846155
1 0.5894531249999999 0.731128265625 0.019124999999999972 0.0903325408653847
1 0.13990625 0.7833254158653846 0.037500000000000006 0.1496437067307692
1 0.19830468750000002 0.7183372920673077 0.015796875000000002 0.06399049759615384
1 0.119 0.7786579579326923 0.10200000000000001 0.25394299278846155
1 0.7831484375000001 0.7989548701923077 0.06314062500000002 0.2840380048076923
1 0.0573671875 0.7400950120192308 0.027640625 0.07458432211538452
1 0.34615625 0.7677553449519231 0.04765624999999997 0.20116389663461545
1 0.44749218749999997 0.6865439435096155 0.02407812499999995 0.034988122596153914
1 0.59990625 0.7538004747596153 0.0422187499999999 0.1154869350961539
1 0.8409296875 0.7802019002403846 0.03785937500000003 0.1900475072115384
1 0.4987980769230769 0.7932692307692307 0.9963942307692307 0.33774038461538464
