1 0.2498125 0.7816015625 0.16854166826923075 0.318296875
1 0.29178125 0.47929687499999996 0.09885416826923077 0.19865624999999998
1 0.2962604170673077 0.3236015625 0.1299791658653846 0.07779687500000004
1 0.4105416670673077 0.4759375 0.09958333413461541 0.09449999999999996
1 0.12978125 0.3510390625 0.0705625 0.16714062500000004
1 0.6789375 0.4489140625 0.07312500000000004 0.05807812499999997
1 0.4889375000000001 0.58928125 0.196125 0.3195937499999999
1 0.3413958329326923 0.40265625 0.05683333413461543 0.07159375000000004
1 0.3968541658653847 0.32821874999999995 0.060249999999999984 0.06640624999999997
1 0.4588645829326924 0.3326484375 0.06977083413461536 0.06926562499999996
1 0.9760000000000001 0.41299218750000005 0.04479166826923075 0.07295312500000001
1 0.39890624999999996 0.3698828125 0.06889583173076921 0.06348437499999995
1 0.6742788461538461 0.3870192307692308 0.6442307692307693 0.18629807692307693
