1 0.52946875 0.5303381141826923 0.41809375000000004 0.6606762283653846
1 0.5724609374999999 0.15006147475961537 0.12467187499999997 0.24905737740384615
1 0.43179687499999997 0.22247950841346156 0.11309374999999999 0.3865163918269231
1 0.2541015625 0.22375 0.10689062499999999 0.3560655721153846
1 0.1642265625 0.2510040985576923 0.07532812500000002 0.2562704903846154
1 0.0731484375 0.3128073774038462 0.07523437499999999 0.13040983653846155
1 0.0383203125 0.2758811478365385 0.031609374999999995 0.21627049278846153
1 0.9084609375 0.30173155649038463 0.01864062500000002 0.07120901682692311
1 0.21898437499999998 0.2327868846153846 0.040343750000000005 0.32909836057692304
1 0.2836796875 0.23887295072115386 0.07070312500000002 0.2936065552884616
1 0.0893515625 0.2680737704326923 0.053703125 0.22594262259615389
