1 0.234109375 0.5652810300480768 0.19596875000000002 0.8475175649038462
1 0.499265625 0.5170023413461539 0.13493750000000004 0.6202341923076923
1 0.6121953125 0.4945081971153846 0.127578125 0.505503514423077
1 0.9048593750000001 0.4961007019230769 0.12265625000000008 0.4032552692307693
1 0.78628125 0.4431264639423077 0.1090625 0.3269086634615385
1 0.142578125 0.4330679146634615 0.06846875000000001 0.2457142860576923
1 0.4120625 0.4317564411057692 0.052406249999999974 0.25185011778846156
1 0.7215156250000001 0.4022833725961539 0.033468750000000005 0.1683606538461538
1 0.013375 0.49591334855769226 0.024281249999999997 0.37159250480769224
1 0.0699921875 0.38230679206730767 0.05623437499999999 0.1875175649038462
1 0.950421875 0.409379390625 0.055687499999999994 0.17295081971153847
1 0.1118359375 0.3835714290865385 0.045234374999999986 0.21088993028846156
1 0.9564609374999999 0.329379390625 0.025015624999999986 0.03725995432692304
1 0.2127403846153846 0.328125 0.05048076923076923 0.21995192307692307
