1 0.26858 0.6756666670673077 0.30404000000000003 0.6238666658653848
1 0.40920999999999996 0.8190933329326923 0.13862 0.36181333413461536
1 0.93109 0.7783066670673077 0.03929999999999996 0.12157333413461548
1 0.63961 0.76464 0.007260000000000078 0.03226666826923076
1 0.33226999999999995 0.7687733341346153 0.01709999999999998 0.05967999999999991
1 0.76136 0.7606933329326923 0.01247999999999991 0.03562666586538463
1 0.12378 0.7467733329326923 0.061599999999999995 0.2142933341346154
1 0.5302 0.7659199999999999 0.00816000000000003 0.021760000000000036
1 0.97935 0.7509733329326923 0.04129999999999994 0.1734133341346154
1 0.74632 0.7626000000000001 0.004399999999999993 0.013893331730769249
1 0.008459999999999999 0.7605199999999999 0.010199999999999999 0.031066668269230827
1 0.99299 0.6870533341346154 0.014019999999999956 0.02727999999999999
1 0.57967 0.7643333329326922 0.006659999999999973 0.016293334134615405
1 0.6622596153846154 0.4182692307692308 0.671875 0.5384615384615384
