1 0.71159375 0.7983093521634615 0.07028125000000006 0.3280815360576923
1 0.36374999999999996 0.5629376502403846 0.03699999999999999 0.13872901682692304
1 0.508078125 0.7438249399038461 0.07906249999999997 0.32808153365384624
1 0.48634375 0.5638249399038462 0.02790625000000002 0.12045563461538468
1 0.6983828125 0.5821223016826923 0.03326562500000003 0.1092805745192308
1 0.7593281249999999 0.5527338125 0.027875000000000007 0.07304556250000001
1 0.94640625 0.5511990408653846 0.018281250000000044 0.025947240384615437
1 0.9609218750000001 0.5575899290865384 0.011437499999999955 0.02357314182692311
1 0.9791796875000001 0.5590767391826923 0.014484374999999917 0.023669064903846133
1 0.691140625 0.4788968822115385 0.014281250000000075 0.017985610576923057
1 0.5546953125 0.8332494014423077 0.10932812500000001 0.2199280576923077
1 0.8808125 0.46364508413461536 0.012593750000000079 0.017649879807692264
1 0.7978359375000001 0.4881534783653846 0.020671874999999947 0.027529975961538476
1 0.5348557692307693 0.40865384615384615 0.9266826923076923 0.8173076923076923
