1 0.225109375 0.39809840384615386 0.07225 0.11848404326923073
1 0.45097656249999996 0.3817420216346154 0.119484375 0.3125797884615385
1 0.21044531250000004 0.10966755288461538 0.02729687499999998 0.06710106249999999
1 0.40576562499999996 0.08900265985576924 0.06806249999999998 0.14369681009615387
1 0.5550781250000001 0.11997340504807691 0.0409375 0.09611702163461537
1 0.9027031249999999 0.1621941478365385 0.03528125000000005 0.08140957451923077
1 0.9057578125 0.7575664891826924 0.18273437499999995 0.41109042548076924
1 0.31859375 0.3609042548076923 0.08675000000000002 0.26936170192307696
1 0.043148437500000004 0.33934840504807695 0.083984375 0.23635638221153846
1 0.91196875 0.32215425480769233 0.051937499999999984 0.11659574519230771
1 0.4925078124999999 0.7357579783653847 0.198296875 0.41960106250000007
1 0.6907734375000001 0.322912234375 0.050484375000000054 0.09114361778846157
1 0.7622265625 0.7766223413461538 0.20295312499999996 0.3168617019230769
1 0.5 0.28966346153846156 0.9963942307692307 0.5793269230769231
