1 0.577390625 0.6966705612980769 0.011437500000000024 0.05007009375000001
1 0.5691718750000001 0.6864836454326924 0.010375000000000006 0.021565420673076992
1 0.7564453124999999 0.8182359819711539 0.007984374999999898 0.01820093509615389
1 0.6227890625 0.6926518689903846 0.010484375000000084 0.04595794471153839
1 0.5580625 0.69507009375 0.013093750000000006 0.036728971153846254
1 0.5203515625 0.698714953125 0.009921874999999995 0.04322430048076926
1 0.5363125 0.697009346153846 0.021999999999999967 0.03686915865384609
1 0.7975156250000001 0.7410630841346154 0.01149999999999998 0.025023365384615366
1 0.6043671875000001 0.681074766826923 0.007328124999999976 0.010981307692307797
1 0.6800078125 0.6964018689903847 0.012796875000000058 0.03355140144230768
1 0.755109375 0.6765771033653846 0.009499999999999996 0.020023365384615268
