1 0.7372968750000001 0.6326250000000001 0.2691875 0.37245833173076914
1 0.3186171875 0.55571875 0.09829687499999998 0.29539583173076917
1 0.351921875 0.5423645829326923 0.04809375000000001 0.26660416586538466
1 0.602359375 0.3600104158653846 0.04621875000000001 0.05868749999999997
1 0.42402343750000004 0.4360416670673076 0.05214062500000004 0.06908333413461537
1 0.45966406249999997 0.4422604170673077 0.042078125000000015 0.08752083413461534
1 0.4557265625 0.4673541658653846 0.04054687499999995 0.044124999999999984
1 0.5077109375 0.4557083341346154 0.05417187500000003 0.07137500000000002
1 0.508109375 0.3176145829326923 0.032249999999999994 0.051604165865384605
1 0.5607421875 0.3116458329326923 0.037453125000000004 0.05304166586538464
1 0.59071875 0.15428124999999998 0.040062499999999994 0.05889583173076922
1 0.5998828125 0.4030625 0.03976562499999998 0.07175000000000004
1 0.387625 0.4505520829326923 0.02606250000000003 0.05227083413461537
1 0.4987980769230769 0.2548076923076923 0.9975961538461539 0.5096153846153846
