1 0.9224100000000001 0.7638266658653846 0.08005999999999999 0.19720000000000007
1 0.16046000000000002 0.72812 0.013759999999999994 0.0456266682692307
1 0.76785 0.7047733329326924 0.010020000000000123 0.030773334134615436
1 0.74929 0.7056133329326923 0.012220000000000052 0.03229333413461542
1 0.13058 0.7221599999999999 0.00772 0.038826668269230834
1 0.7088300000000001 0.6995199999999999 0.006540000000000008 0.015360000000000058
1 0.46254999999999996 0.7185866658653846 0.01125999999999998 0.03711999999999996
1 0.71883 0.7099066658653848 0.011019999999999978 0.029520000000000043
1 0.48508999999999997 0.7109333329326923 0.008380000000000037 0.010986665865384718
1 0.10573 0.7161333329326922 0.011380000000000013 0.02053333413461531
1 0.03338 0.7231466670673077 0.018640000000000004 0.04261333413461539
1 0.69104 0.70276 0.005119999999999928 0.013146668269230806
1 0.45552884615384615 0.7175480769230769 0.6814903846153846 0.06971153846153846
