1 0.700625 0.3891920372596154 0.06562500000000003 0.1896252908653846
1 0.5881484375 0.3615339579326923 0.039828125 0.044004685096153844
1 0.536359375 0.3311943798076923 0.03975 0.054098360576923084
1 0.5110234375 0.3819203737980769 0.04864062499999999 0.12004683894230767
1 0.48675781249999994 0.3287353629807692 0.030234375000000036 0.0564871201923077
1 0.46835937499999997 0.30752927403846153 0.019343749999999993 0.04836065384615388
1 0.45230468749999997 0.33514051562499997 0.04110937499999997 0.07960187259615381
1 0.42203124999999997 0.30797423918269234 0.04875 0.07763466105769234
1 0.391625 0.33093676802884614 0.03706250000000001 0.11386417067307694
1 0.5009765625 0.30484777524038464 0.015359374999999996 0.03812646394230772
