1 0.2606015625 0.5851881718749999 0.04657812500000002 0.2114516129807692
1 0.4534765625 0.4224462355769231 0.026390624999999994 0.07080645192307689
1 0.8960468749999999 0.4441129038461539 0.032062500000000056 0.12392473076923075
1 0.5133203125 0.35674731249999997 0.016890624999999996 0.08155913942307695
1 0.7204921874999999 0.4498924723557692 0.03245312500000011 0.11666666586538461
1 0.2279921875 0.3714516129807692 0.019390625000000012 0.0855913990384616
1 0.5578046874999999 0.33032258052884617 0.016015624999999985 0.06408602163461542
1 0.888671875 0.3780107524038462 0.012343749999999978 0.0609677403846154
1 0.6723984375000001 0.372311828125 0.01879687500000001 0.06634408413461533
1 0.81534375 0.47927419350961536 0.026312500000000065 0.10413978605769228
