1 0.3887421875 0.645 0.10639062499999999 0.29375000000000007
1 0.3170703125 0.6690520829326924 0.071671875 0.4133958341346154
1 0.9594609375 0.6340104170673077 0.043921875000000006 0.21172916586538465
1 0.5671562499999999 0.6783958341346155 0.10815624999999998 0.39075000000000004
1 0.5070234374999999 0.5743645829326923 0.057140624999999994 0.14360416586538466
1 0.8348984374999999 0.6014479158653846 0.028359375000000034 0.11081249999999997
1 0.8214453125 0.6443333341346154 0.12907812500000004 0.15399999999999991
1 0.7456328125000001 0.6381979158653845 0.05529687499999994 0.20568749999999994
1 0.70159375 0.58440625 0.032281249999999935 0.09993749999999996
1 0.07928125 0.6484687499999999 0.10662499999999998 0.4086875
1 0.674515625 0.6382395841346153 0.05028125000000007 0.19443750000000007
1 0.8621328125 0.6051979170673077 0.033484375000000045 0.09035416586538456
1 0.15078906250000002 0.6322916670673077 0.03607812500000001 0.15633333413461534
1 0.4987980769230769 0.6057692307692307 0.9975961538461539 0.1971153846153846
