1 0.6045703125 0.4984583329326923 0.05414062499999995 0.15916666586538455
1 0.27865625 0.5713645829326923 0.10915624999999998 0.30035416586538466
1 0.49646875 0.5263749999999999 0.038718749999999996 0.087125
1 0.533453125 0.48309375 0.02049999999999998 0.03768750000000006
1 0.5434140625 0.54109375 0.03145312499999998 0.06064583173076917
1 0.68459375 0.42365624999999996 0.010437499999999962 0.02831249999999998
1 0.6608671875 0.3887291670673077 0.009390625000000123 0.02579166586538461
1 0.7842343749999999 0.39992708413461536 0.00990625000000009 0.03818749999999999
1 0.541546875 0.503875 0.01887500000000001 0.03679166826923081
1 0.7064218750000001 0.4075208341346154 0.01171875 0.03574999999999996
1 0.6428203125 0.43453125 0.007890625000000066 0.03310416826923076
1 0.5792890624999999 0.4363229170673077 0.008421875000000006 0.033229165865384595
1 0.6709765625 0.4232916670673077 0.014234374999999954 0.03004166586538461
1 0.6742788461538461 0.3629807692307692 0.3858173076923077 0.0829326923076923
