1 0.4138515625 0.5608125 0.40539062499999995 0.7882916682692309
1 0.5517578125 0.3259895829326923 0.06714062499999998 0.16089583413461542
1 0.8479531250000001 0.3068854170673077 0.02462499999999993 0.06247916586538461
1 0.614453125 0.21802083293269228 0.026812499999999993 0.08004166586538461
1 0.20545312500000001 0.3554166670673077 0.030593749999999975 0.1127916658653846
1 0.10200781249999999 0.36390625 0.041765625000000015 0.13243749999999999
1 0.8610546875 0.3025 0.025015624999999986 0.0704166682692308
1 0.62571875 0.31652083413461535 0.028937499999999956 0.0575
1 0.6856953125 0.2421875 0.02560937500000002 0.03804166826923076
1 0.667796875 0.24442708293269233 0.01659375000000005 0.034770834134615396
1 0.66596875 0.20321875 0.008312499999999928 0.018895831730769252
1 0.8054609375 0.22810416706730768 0.012171874999999943 0.06495833413461538
1 0.7109609375 0.32737499999999997 0.016703124999999923 0.049916668269230725
1 0.6141826923076923 0.25240384615384615 0.6814903846153846 0.25
