1 0.52584375 0.34396875000000005 0.24943750000000003 0.5168541682692308
1 0.073734375 0.5249479158653846 0.09509375 0.17043749999999996
1 0.35515625 0.5007083329326923 0.08634374999999996 0.08795833413461537
1 0.3818125 0.49367708413461536 0.03859375000000002 0.07281249999999997
1 0.43557812500000004 0.49568749999999995 0.055093749999999955 0.12162500000000001
1 0.68103125 0.5218958341346154 0.05459374999999989 0.11062499999999996
1 0.641890625 0.52978125 0.033468750000000005 0.09118749999999999
1 0.2275390625 0.47159375 0.03526562500000001 0.03918749999999998
1 0.2936796875 0.49485416706730767 0.02407812500000002 0.033291665865384616
1 0.5366484375 0.5163645829326923 0.027390625000000054 0.10477083413461538
1 0.20982031249999997 0.5906562500000001 0.062453124999999984 0.17139583173076925
