1 0.5387734375 0.6884240685096154 0.09735937500000005 0.5066475649038462
1 0.6119453125000001 0.6366618918269231 0.10392187500000002 0.4977363894230769
1 0.3251953125 0.528782235576923 0.02254687500000002 0.05349570192307691
1 0.3078046875 0.5245558737980769 0.015046875000000006 0.05765043028846158
1 0.5022421875 0.6163323774038462 0.05876562500000004 0.4445272211538462
1 0.0390390625 0.5174641838942308 0.032171874999999996 0.1348710600961539
1 0.27253125 0.5060028653846154 0.02218750000000001 0.07704871153846156
1 0.9772031250000001 0.41597421274038465 0.006875000000000033 0.05040114663461534
1 0.95640625 0.41591690504807693 0.013937500000000004 0.03790831009615385
1 0.9708125 0.41587392548076924 0.007625000000000061 0.05255014423076924
1 0.964640625 0.4182808028846154 0.009281249999999975 0.05444125961538466
