1 0.9639609375 0.60384375 0.058265624999999974 0.2373541682692308
1 0.43893750000000004 0.334375 0.03712499999999997 0.05129166826923077
1 0.6498125 0.6068229158653846 0.03059374999999994 0.12731249999999997
1 0.6194296875 0.6002500000000001 0.044671874999999965 0.14566666826923066
1 0.1486328125 0.5597083329326923 0.011953124999999992 0.04570833413461539
1 0.1741328125 0.5537291670673077 0.009703124999999976 0.04391666586538459
1 0.1891015625 0.5529479158653847 0.022984375000000022 0.02256249999999999
1 0.418421875 0.5181458329326923 0.045250000000000026 0.06445833413461535
1 0.00525 0.5168020829326923 0.00865625 0.02872916586538456
1 0.397828125 0.32294791706730774 0.03387499999999996 0.047854165865384636
1 0.6758906249999999 0.5709791658653847 0.03468750000000002 0.06587499999999999
1 0.16623437500000002 0.5593541658653846 0.009718749999999981 0.04787500000000006
1 0.09399218750000002 0.5498645829326924 0.009484375000000007 0.05414583413461537
1 0.13221153846153846 0.5516826923076923 0.016826923076923076 0.028846153846153848
