1 0.6073125 0.5794374999999999 0.23593749999999994 0.6106666682692308
1 0.2123828125 0.09106249999999999 0.10551562500000002 0.18212499999999998
1 0.1254375 0.09441666706730768 0.10721875000000002 0.18883333413461537
1 0.38175 0.039583332932692304 0.064875 0.07916666586538461
1 0.4003984374999999 0.03342708293269231 0.035453125000000016 0.06685416586538462
1 0.5076328125 0.06230208293269231 0.07629687499999999 0.12460416586538461
1 0.5568046875 0.059114582932692304 0.06507812499999997 0.11822916586538461
1 0.59384375 0.03709375 0.028906250000000015 0.06227083173076923
1 0.2348984375 0.047781250000000004 0.05448437499999999 0.0904375
1 0.32897656249999996 0.044302082932692305 0.05914062499999998 0.08860416586538461
1 0.43973437500000007 0.03976041706730769 0.07915625000000001 0.07952083413461539
1 0.46076562499999996 0.03240625 0.028562499999999942 0.0648125
1 0.7488124999999999 0.051052084134615386 0.07106249999999989 0.1010625
