1 0.7495700000000001 0.11551118149038463 0.04350000000000001 0.07837060817307694
1 0.57481 0.18733226802884614 0.0501 0.08884983894230768
1 0.61712 0.1759744411057692 0.03232000000000001 0.07936102163461536
1 0.6746599999999999 0.24044728485576924 0.03183999999999994 0.09578274759615385
1 0.6528299999999999 0.3257667728365385 0.04501999999999999 0.16795527163461538
1 0.26587 0.5775239615384615 0.09001999999999999 0.24271565384615387
1 0.26256999999999997 0.1728754002403846 0.06762 0.14083067067307692
1 0.22483999999999998 0.3130191694711539 0.053720000000000004 0.18980830528846152
1 0.3659 0.5861341850961538 0.08328000000000003 0.20051118269230764
1 0.6702100000000001 0.7009265180288461 0.2765000000000001 0.5717571899038462
1 0.7859700000000001 0.6696325877403846 0.17870000000000003 0.6607348245192307
1 0.34014 0.06063897716346153 0.05104000000000001 0.11354632451923076
1 0.39712000000000003 0.3168370612980769 0.06827999999999995 0.1789137379807692
1 0.4987980769230769 0.4987980769230769 0.9975961538461539 0.9963942307692307
