1 0.0796015625 0.6080796262019231 0.019796874999999995 0.10585480048076921
1 0.3624140625 0.567880561298077 0.042546875 0.21646369951923078
1 0.449328125 0.5826463701923077 0.024156250000000015 0.12370023557692313
1 0.5602734375 0.5765690865384615 0.02995312499999999 0.19988290384615384
1 0.6942812500000001 0.5505503509615385 0.027406250000000024 0.13032787019230765
1 0.6353046874999999 0.5601288064903847 0.036078124999999926 0.1199297427884616
1 0.053890625000000004 0.6040398125 0.0480625 0.19177986057692303
1 0.754703125 0.5440749411057693 0.03884374999999998 0.1453864158653847
1 0.7953515625 0.5386533954326923 0.06576562499999998 0.14676815144230765
1 0.3372109375 0.5769555024038462 0.03407812500000001 0.18505854807692312
1 0.8316874999999999 0.5826346598557692 0.021625000000000092 0.06245901682692304
1 0.8823749999999999 0.5348126466346154 0.02496875 0.11758782211538457
1 0.129765625 0.5846370024038461 0.05940625 0.19817330288461535
1 0.6370192307692307 0.5060096153846154 0.6658653846153846 0.23918269230769232
