1 0.225359375 0.509762532451923 0.019062500000000017 0.09905013221153848
1 0.2781796875 0.5482981526442308 0.03139062499999999 0.09453825721153844
1 0.6046171875 0.6711873353365385 0.03435937500000005 0.1649076514423077
1 0.6912109375 0.6877968329326923 0.05198437499999997 0.14324538221153846
1 0.1999453125 0.8691424795673078 0.108265625 0.25511873317307693
1 0.70865625 0.49770448557692315 0.022937500000000072 0.07382585576923077
1 0.36515625 0.48118733533653846 0.02181250000000003 0.06580474759615385
1 0.37690625 0.8961873353365384 0.12321875000000003 0.18567282451923076
1 0.3047421875 0.8943799471153846 0.09048437500000002 0.18875989423076922
1 0.07053125 0.8719129290865385 0.1410625 0.23369393028846155
1 0.6756796875000001 0.89507915625 0.0545156250000001 0.20984168750000004
1 0.5044687499999999 0.9352638521634616 0.07993749999999998 0.12430079086538466
1 0.722609375 0.9499472295673077 0.03524999999999997 0.08907651682692311
1 0.4675480769230769 0.8617788461538461 0.9326923076923077 0.27163461538461536
