1 0.36007031249999993 0.28726635576923076 0.08729687500000004 0.1813551394230769
1 0.746890625 0.20130841105769232 0.09196875000000003 0.17163551442307692
1 0.7464531249999999 0.1289018689903846 0.08474999999999994 0.15570093509615385
1 0.654953125 0.11816588822115384 0.09615625000000001 0.17119158894230768
1 0.6401328125 0.510140186298077 0.45485937499999995 0.945934579326923
1 0.8423593749999999 0.13558411177884616 0.08246875000000004 0.1584112139423077
1 0.3866875000000001 0.13656542067307692 0.08359375000000001 0.2156542067307692
1 0.281875 0.28933411177884616 0.07687500000000001 0.18077102644230772
1 0.0360234375 0.219824765625 0.070265625 0.35717289663461543
1 0.1300078125 0.4058528028846154 0.11220312499999997 0.4039953269230769
1 0.911421875 0.32912383173076926 0.0856874999999999 0.15259345673076924
1 0.8345468749999999 0.2904906550480769 0.10809374999999996 0.21920560817307688
1 0.824375 0.33310747596153845 0.09628125 0.14014018749999999
1 0.5 0.21033653846153846 0.9963942307692307 0.4206730769230769
