1 0.461640625 0.7842083329326923 0.0708125 0.1466666658653846
1 0.398125 0.8053854170673076 0.029093750000000022 0.1152708341346153
1 0.05899218750000001 0.82359375 0.087640625 0.3303541682692307
1 0.1493515625 0.742875 0.020578124999999996 0.07366666826923088
1 0.957546875 0.7758333341346154 0.03168750000000004 0.1096250000000001
1 0.9849140624999999 0.8117395841346154 0.012703124999999952 0.06706250000000005
1 0.209984375 0.7200937500000001 0.010437499999999997 0.01802083173076924
1 0.506390625 0.8067916670673078 0.023718750000000045 0.10004166586538468
1 0.1294609375 0.7449270829326923 0.02214062499999999 0.015145834134615463
1 0.2206953125 0.7204687500000001 0.011921875000000014 0.025979168269230832
1 0.00578125 0.7326145829326923 0.0115625 0.05397916586538461
1 0.41817187499999997 0.7283854158653846 0.0054687500000000135 0.029312499999999905
1 0.7031015625 0.7322395829326923 0.004453124999999913 0.022895834134615437
1 0.2548076923076923 0.7163461538461539 0.4963942307692308 0.04567307692307692
