1 0.646109375 0.5427916670673076 0.21453125 0.8085416658653847
1 0.36124999999999996 0.1644583329326923 0.0528125 0.2709583341346154
1 0.56703125 0.5048229158653845 0.05553125 0.1414375
1 0.38320312500000003 0.5319166670673077 0.06906249999999997 0.07983333413461538
1 0.3143125 0.503125 0.10049999999999998 0.13695833173076918
1 0.3639921875 0.4219166658653846 0.06032812499999998 0.095625
1 0.2552265625 0.40944791706730765 0.06376562499999999 0.1042291658653846
1 0.8660703125 0.3183229158653846 0.09917187499999996 0.08743749999999999
1 0.8494296875 0.2919791670673077 0.04895312500000005 0.0715416658653846
1 0.49362500000000004 0.43670833293269234 0.07621875000000006 0.1049166658653846
1 0.37356249999999996 0.45843749999999994 0.0698125 0.07012499999999999
1 0.205578125 0.48425 0.07234375 0.183125
1 0.9787265625000001 0.3015520829326923 0.042546875 0.04672916586538463
1 0.41586538461538464 0.3137019230769231 0.8293269230769231 0.5564903846153846
