1 0.39971 0.7629579579326923 0.18702 0.47408408413461534
1 0.6749799999999999 0.8835735745192307 0.15863999999999998 0.20450450480769228
1 0.61738 0.6633033040865386 0.08048000000000008 0.2626426418269231
1 0.88228 0.8399099098557693 0.23543999999999998 0.30042042067307695
1 0.78841 0.6865015012019231 0.08386000000000002 0.371981983173077
1 0.6127 0.5420270276442307 0.04040000000000006 0.10261261298076924
1 0.21701 0.7910210216346154 0.1377 0.3775375384615385
1 0.8578 0.5574324326923077 0.04900000000000004 0.12195195192307692
1 0.89615 0.6129879879807691 0.07957999999999998 0.2208708701923077
1 0.52686 0.5835435432692309 0.04127999999999995 0.20330330288461537
1 0.56958 0.8833933930288461 0.18323999999999996 0.23225225240384617
1 0.77554 0.4766816814903846 0.02751999999999992 0.06201201201923078
1 0.47674000000000005 0.5553903906250001 0.06311999999999997 0.1828528533653847
1 0.5 0.6490384615384616 0.9963942307692307 0.6971153846153846
