1 0.32830468749999997 0.7866004182692308 0.030296874999999994 0.08240585576923082
1 0.27167968750000004 0.7819560673076923 0.026140624999999994 0.12512552403846164
1 0.2954609375 0.742730126201923 0.02860937500000003 0.029309622596153908
1 0.9607500000000001 0.32898535576923077 0.07850000000000001 0.13387029326923078
1 0.907078125 0.32046025120192306 0.05459375000000003 0.06430962259615389
1 0.38178125000000007 0.7553347283653846 0.02546875 0.03410041826923086
1 0.09560156250000001 0.7556799158653846 0.00876562499999999 0.027384937499999998
1 0.6804999999999999 0.3869769867788462 0.0286249999999999 0.026380752403846203
1 0.7847656249999999 0.3504811706730769 0.036124999999999914 0.030041841346153807
1 0.8168671874999999 0.7991108786057693 0.023859375 0.07930962259615394
