1 0.9236 0.11649999999999999 0.1528 0.23221875000000003
1 0.14749411778846153 0.0731171875 0.07385882211538461 0.13232812500000002
1 0.28076470552884614 0.06669531249999999 0.06995293990384617 0.13339062499999998
1 0.3451176478365384 0.06206249999999999 0.06967058894230771 0.123375
1 0.4241764699519231 0.06000781249999999 0.06910588221153843 0.12001562499999999
1 0.4802470588942308 0.057890625 0.07677646875000005 0.11549999999999999
1 0.5597764699519231 0.0328828125 0.043317646634615375 0.063015625
1 0.5924588233173077 0.0288671875 0.07691764663461544 0.057734375
1 0.3794117644230769 0.0589765625 0.043623528846153864 0.111265625
1 0.659635294471154 0.0334140625 0.06472941105769231 0.066640625
1 0.8053764711538461 0.034453125 0.13503529326923067 0.0675625
1 0.7112941177884615 0.0335078125 0.06400000000000006 0.067015625
1 0.4414235288461538 0.056453125 0.04463529326923073 0.11290625
1 0.12740384615384615 0.09735576923076923 0.2536057692307692 0.1875
