1 0.21810937500000002 0.7651724134615385 0.037875 0.07413793269230773
1 0.4907890625 0.7423275865384615 0.01695312500000002 0.04977011538461536
1 0.5111562500000001 0.7393390805288461 0.02896875000000004 0.055919540865384684
1 0.1539609375 0.7734913798076923 0.04673437500000001 0.13778735576923082
1 0.31470312500000003 0.7663362067307692 0.04628125 0.08215517307692312
1 0.4411015625 0.7396264362980769 0.02873437499999998 0.06413793028846151
1 0.6141015625 0.7434339086538462 0.02170312500000002 0.03801724038461529
1 0.634890625 0.7285632175480768 0.01821875000000002 0.0514367812500001
1 0.6513281249999999 0.7326724134615386 0.010531249999999933 0.04321838942307698
1 0.6712578124999999 0.7292097704326922 0.012578125000000039 0.0342816081730769
1 0.4166171875 0.735502873798077 0.026390624999999994 0.07537356490384621
1 0.58075 0.7421408052884616 0.017875000000000016 0.03991379326923072
1 0.731 0.7192097704326923 0.010093749999999893 0.03847701201923078
1 0.7620192307692307 0.6826923076923077 0.33653846153846156 0.16947115384615385
