1 0.33354687499999996 0.5248229170673077 0.12037499999999998 0.19877083413461533
1 0.44709374999999996 0.5401979158653846 0.11675000000000003 0.1326875
1 0.540328125 0.52290625 0.12196874999999995 0.1510208317307692
1 0.59259375 0.8971875 0.18046875000000004 0.20562500000000006
1 0.6660078125000001 0.1116041670673077 0.04301562499999999 0.06866666586538463
1 0.7891640624999999 0.1485416670673077 0.04095312499999997 0.0629166658653846
1 0.7350156250000001 0.13367708293269231 0.02703125000000001 0.05564583413461537
1 0.40382812500000004 0.0893854170673077 0.07228124999999998 0.1304791658653846
1 0.8162734375 0.7194583329326923 0.367453125 0.5167916658653846
1 0.92440625 0.1824375 0.041812500000000016 0.06775
1 0.483328125 0.06515625 0.05346874999999999 0.06210416826923076
1 0.5853437499999999 0.0957916670673077 0.038906249999999934 0.06745833413461538
1 0.5529140625 0.0816770829326923 0.034046875 0.05997916586538462
1 0.5709134615384616 0.11538461538461539 0.8533653846153846 0.23076923076923078
