1 0.6194843750000001 0.8943958329326923 0.051593750000000056 0.13154166586538452
1 0.4752265625 0.9268229158653847 0.039859375000000016 0.11456250000000004
1 0.8910390624999999 0.7889791670673076 0.029546874999999966 0.07479166586538465
1 0.99509375 0.8583437500000001 0.009812499999999984 0.06456250000000001
1 0.817859375 0.7635208341346154 0.012718749999999992 0.039374999999999986
1 0.253328125 0.9534374999999999 0.032312500000000015 0.07537499999999998
1 0.8351484374999999 0.7663854170673078 0.010109374999999933 0.033979165865384624
1 0.4668828125 0.8644166658653846 0.02482812499999998 0.04350000000000001
1 0.8275078124999999 0.7640729158653846 0.00923437499999999 0.03543749999999991
1 0.5818515625 0.9070520829326922 0.059359375 0.15602083413461543
