1 0.19890000000000002 0.10069277163461539 0.04171999999999999 0.056385543269230766
1 0.6288400000000001 0.03408132572115385 0.04644 0.059186747596153846
1 0.91937 0.08730421634615385 0.031220000000000043 0.1746084326923077
1 0.39294999999999997 0.05823795192307692 0.034420000000000034 0.07063252884615384
1 0.32632999999999995 0.07180722956730769 0.047939999999999955 0.06921686778846153
1 0.47525999999999996 0.042575300480769226 0.04387999999999997 0.08346385576923078
1 0.51143 0.48704819230769236 0.10698 0.19656626442307687
1 0.16197 0.06659638581730769 0.04642000000000001 0.13319277163461538
1 0.11603 0.06948795192307693 0.04378000000000001 0.1348795192307692
1 0.42008000000000006 0.06379518028846154 0.027920000000000014 0.05885542307692308
1 0.5758 0.039503012019230774 0.03568000000000002 0.05804216826923077
1 0.50929 0.030677711538461536 0.03217999999999998 0.038945783653846155
1 0.13922 0.04168674639423077 0.017320000000000002 0.08337349278846154
1 0.4891826923076923 0.1310096153846154 0.9735576923076923 0.2620192307692308
