1 0.47542187500000005 0.6587353629807692 0.08009374999999998 0.30252927403846147
1 0.43189062500000003 0.6329859483173077 0.0618125 0.322459016826923
1 0.15703125 0.5016861826923077 0.3140625 0.9966276346153846
1 0.9355625000000001 0.5213466045673077 0.09596875 0.22920374759615392
1 0.75340625 0.543758782451923 0.07234374999999993 0.24784543509615378
1 0.808671875 0.7025409831730769 0.1719999999999999 0.4624121778846154
1 0.5551640625 0.5337587824519231 0.09648437499999997 0.11187353605769229
1 0.9715156249999999 0.5145550360576923 0.05612500000000003 0.14770491826923077
1 0.6816484374999999 0.5791569086538462 0.09239062500000003 0.22627634615384612
1 0.854421875 0.5101873533653847 0.089 0.1270257596153846
1 0.5673828125 0.5250234194711538 0.021328125000000007 0.056463699519230776
1 0.3404921875 0.5922950817307692 0.06976562500000003 0.2532552692307692
1 0.31100781250000004 0.5571896947115385 0.03823437499999997 0.3153161586538461
1 0.5600961538461539 0.5913461538461539 0.8197115384615384 0.3581730769230769
