1 0.5709453125 0.7590104170673077 0.270265625 0.46172916586538465
1 0.796171875 0.8286666670673077 0.03318749999999996 0.10558333413461536
1 0.8961171875 0.7815312499999999 0.204390625 0.40539583173076915
1 0.6832890625 0.86434375 0.15064062500000003 0.26614583173076933
1 0.3783515625 0.6490520829326923 0.484953125 0.7018958341346154
1 0.7738750000000001 0.4381979170673077 0.45225 0.8763958341346154
1 0.763 0.8080520841346155 0.07584374999999997 0.15731250000000002
1 0.815625 0.7683541658653846 0.11674999999999996 0.37662500000000004
1 0.8540859375000001 0.37675000000000003 0.058328124999999995 0.07779166826923077
1 0.5770078125 0.6855208329326923 0.044765625 0.05508333413461541
1 0.74365625 0.8860729170673077 0.05903125000000004 0.09572916586538459
1 0.709640625 0.8750416670673077 0.1304999999999999 0.20583333413461538
