1 0.5721953125 0.49551041706730764 0.537640625 0.9865208341346154
1 0.8011171874999999 0.4869479170673077 0.02873437499999991 0.14135416586538463
1 0.1403046875 0.6802708329326923 0.280609375 0.6167916658653846
1 0.8805546875 0.5006145829326922 0.024046874999999936 0.09035416586538461
1 0.8253125000000001 0.53834375 0.05218749999999995 0.20043750000000002
1 0.8653984375000001 0.48195833413461536 0.02351562499999993 0.04187499999999997
1 0.9466015624999999 0.49144791706730767 0.013234374999999961 0.04722916586538462
1 0.2003828125 0.43975000000000003 0.012640624999999996 0.029916668269230777
1 0.8495859375 0.5564479170673077 0.015921875000000085 0.17922916586538465
1 0.9170625 0.5187604170673077 0.04496874999999999 0.1622708341346154
1 0.2199375 0.4995 0.03403125000000003 0.14041666826923083
