1 0.8993203125 0.4678125 0.02464062499999997 0.06179166826923082
1 0.9475156250000001 0.4666979158653846 0.022843749999999965 0.060937500000000054
1 0.3854296875 0.4756458341346154 0.011765624999999984 0.029500000000000047
1 0.40549218750000005 0.4693541658653846 0.021515625000000014 0.06899999999999995
1 0.4208203125 0.4678020841346153 0.011984375000000004 0.06106250000000003
1 0.49961718750000006 0.4593958341346154 0.015921875000000016 0.038750000000000014
1 0.17090625 0.4468125 0.012781249999999984 0.017375000000000022
1 0.0844765625 0.44340625 0.006484374999999995 0.004104168269230777
1 0.40303125 0.46901041586538467 0.009468750000000052 0.04506250000000002
1 0.144 0.4500520829326923 0.004531249999999995 0.008854165865384626
1 0.483296875 0.4747395841346154 0.005812500000000016 0.013062499999999994
1 0.06604687499999999 0.44472916706730764 0.005625 0.009166665865384616
1 0.13221153846153846 0.4543269230769231 0.057692307692307696 0.03365384615384615
