1 0.1282666670673077 0.79306 0.2565333341346154 0.41388
1 0.85192 0.8798099999999999 0.044693331730769205 0.12078000000000003
1 0.7885599999999999 0.8694299999999999 0.053440000000000015 0.13357999999999998
1 0.5319066658653846 0.87351 0.05016000000000005 0.037219999999999996
1 0.26192 0.83347 0.03631999999999998 0.033500000000000085
1 0.19964 0.8519599999999999 0.02775999999999999 0.06967999999999996
1 0.01532 0.83242 0.03064 0.06236000000000011
1 0.952 0.8793399999999999 0.011839999999999953 0.03923999999999991
1 0.9146000000000001 0.8499599999999999 0.010479999999999925 0.022159999999999923
1 0.49448000000000003 0.8723500000000001 0.025546668269230806 0.026380000000000035
1 0.4364933329326923 0.86091 0.027226665865384598 0.028539999999999975
1 0.4553733329326923 0.86317 0.013306665865384613 0.03189999999999999
1 0.2977466658653846 0.83734 0.006800000000000002 0.02724
1 0.6045673076923077 0.859375 0.78125 0.08653846153846154
