1 0.508 0.2475644026442308 0.011250000000000017 0.054566742788461534
1 0.45458593750000004 0.20655737740384617 0.012453124999999989 0.03517564423076925
1 0.4598515625 0.23953161538461537 0.01420312500000001 0.05250585576923079
1 0.599078125 0.22826697956730768 0.01118749999999999 0.05550351201923077
1 0.5618203125 0.2308665108173077 0.014234375000000021 0.04327868990384615
1 0.42696875 0.18174473076923076 0.013250000000000001 0.023583139423076924
1 0.40256250000000005 0.18535128846153845 0.008531250000000016 0.026768149038461562
1 0.150703125 0.3446018737980769 0.014249999999999994 0.06573770432692304
1 0.0867578125 0.18379391105769233 0.013359374999999995 0.04084309134615387
1 0.4205625 0.19151053846153848 0.013937500000000004 0.03360655769230769
1 0.4267656249999999 0.20665105288461538 0.01053125 0.02529274038461537
1 0.51025 0.21690866466346154 0.010656249999999982 0.02510538701923075
