2 0.05813953488372093 0.9587962962962963 0.10325581395348837 0.04537037037037037
2 0.18186046511627907 0.9601851851851851 0.10883720930232559 0.07962962962962963
2 0.2772093023255814 0.962037037037037 0.09488372093023256 0.05185185185185185
2 0.39209302325581397 0.9708333333333333 0.11813953488372093 0.058333333333333334
2 0.49627906976744185 0.9597222222222223 0.09581395348837209 0.05648148148148148
2 0.5902325581395349 0.9527777777777777 0.11069767441860465 0.06481481481481481
2 0.6911627906976744 0.961574074074074 0.10790697674418605 0.06388888888888888
2 0.7827906976744186 0.9472222222222222 0.13488372093023257 0.06296296296296296
2 0.8855813953488372 0.9518518518518518 0.11534883720930232 0.06111111111111111
2 0.9632558139534884 0.9453703703703704 0.07348837209302325 0.05555555555555555
