2 0.031038 0.701705 0.059819 0.090909
2 0.122460 0.735085 0.118510 0.100852
2 0.262980 0.754261 0.126411 0.139205
2 0.400677 0.767756 0.135440 0.100852
2 0.544018 0.767045 0.164786 0.119318
2 0.700339 0.796875 0.179458 0.122159
2 0.715576 0.915483 0.189616 0.169034
2 0.567156 0.892756 0.147856 0.143466
2 0.409707 0.872869 0.160271 0.134943
2 0.256772 0.870739 0.165914 0.147727
2 0.126975 0.846591 0.186230 0.133523
3 0.402370 0.674716 0.136569 0.105114
3 0.387698 0.568182 0.132054 0.105114
3 0.383183 0.511364 0.120767 0.088068
3 0.369639 0.441051 0.086907 0.075284
3 0.365124 0.399148 0.091422 0.079545
3 0.360609 0.348011 0.084650 0.059659
3 0.360609 0.303267 0.089165 0.041193
3 0.357223 0.266335 0.093679 0.041193
3 0.350451 0.225852 0.086907 0.051136
3 0.341986 0.198153 0.063205 0.041193
3 0.343679 0.173295 0.089165 0.045455
3 0.349323 0.141335 0.073363 0.049716
