2 0.060556464811783964 0.582258064516129 0.11238406983087834 0.4806451612903226
2 0.16748499727223132 0.5451612903225806 0.10256410256410256 0.5161290322580645
2 0.27768685215493727 0.55 0.11783960720130933 0.47419354838709676
2 0.3821603927986907 0.5370967741935484 0.10201854882705946 0.44193548387096776
2 0.48090561920349156 0.5951612903225807 0.10529187124931806 0.4290322580645161
2 0.5908346972176759 0.582258064516129 0.1276595744680851 0.43548387096774194
2 0.6841243862520459 0.632258064516129 0.12220403709765412 0.4645161290322581
2 0.784506273867976 0.5774193548387097 0.11456628477905073 0.4774193548387097
2 0.8747954173486089 0.5580645161290323 0.11838516093835243 0.3548387096774194
2 0.9574468085106383 0.6112903225806452 0.0851063829787234 0.4935483870967742
