2 0.37340496977837473 0.2140845070422535 0.08327736736064473 0.21971830985915494
2 0.4492948287441236 0.23661971830985915 0.07387508394895903 0.2084507042253521
2 0.5177971793149765 0.2830985915492958 0.06044325050369376 0.2056338028169014
2 0.9116856950973808 0.6408450704225352 0.05439892545332438 0.3183098591549296
2 0.8425117528542646 0.6056338028169014 0.09738079247817327 0.3380281690140845
2 0.7545332437877771 0.5774647887323944 0.09469442578912021 0.3154929577464789
2 0.6719274680993955 0.5619718309859155 0.08663532572196105 0.3126760563380282
2 0.5896574882471457 0.5394366197183098 0.07790463398253862 0.29577464788732394
2 0.5053727333781061 0.5028169014084507 0.07857622565480188 0.30140845070422534
2 0.42847548690396237 0.4788732394366197 0.08327736736064473 0.2647887323943662
2 0.3569509738079248 0.4507042253521127 0.08126259234385494 0.30422535211267604
2 0.2780389523169913 0.44929577464788734 0.07521826729348556 0.29577464788732394
2 0.21289456010745467 0.4211267605633803 0.08059100067159167 0.27323943661971833
2 0.15010073875083949 0.4394366197183099 0.07186030893216924 0.29859154929577464
2 0.07723304231027535 0.3873239436619718 0.06984553391537945 0.30704225352112674
