2 0.161872 0.089957 0.114749 0.114393
2 0.311012 0.064178 0.118717 0.114393
2 0.282573 0.179914 0.120701 0.131042
2 0.429729 0.158163 0.111442 0.136950
2 0.411376 0.294039 0.140873 0.140172
2 0.558366 0.250269 0.141865 0.174006
2 0.690972 0.338614 0.139220 0.170247
2 0.689319 0.488722 0.111442 0.162191
2 0.861772 0.431257 0.109788 0.160043
2 0.789187 0.545650 0.135913 0.190118
2 0.938161 0.692266 0.123677 0.184748
3 0.388062 0.434479 0.154431 0.175081
3 0.533896 0.461332 0.143188 0.226638
3 0.548280 0.653330 0.164683 0.220730
3 0.366071 0.600430 0.171296 0.214823
3 0.338790 0.798604 0.185516 0.258861
3 0.528108 0.854189 0.190476 0.262621
