2 0.5329512893982808 0.9421296296296297 0.23209169054441262 0.058333333333333334
2 0.5229226361031518 0.9013888888888889 0.1977077363896848 0.04351851851851852
2 0.5164756446991404 0.8699074074074075 0.1876790830945559 0.03981481481481482
2 0.5157593123209169 0.8379629629629629 0.18051575931232092 0.04814814814814815
2 0.5085959885386819 0.8143518518518519 0.1518624641833811 0.05277777777777778
2 0.5107449856733525 0.7847222222222222 0.15616045845272206 0.04722222222222222
2 0.4992836676217765 0.7527777777777778 0.13896848137535817 0.04814814814814815
2 0.49283667621776506 0.725 0.1318051575931232 0.06296296296296296
2 0.4806590257879656 0.6949074074074074 0.12750716332378223 0.06944444444444445
2 0.4706303724928367 0.6537037037037037 0.11604584527220631 0.03518518518518519
