2 0.4052532833020638 0.3087121212121212 0.08442776735459662 0.35984848484848486
2 0.4924953095684803 0.3068181818181818 0.08818011257035648 0.3333333333333333
2 0.5900562851782364 0.3522727272727273 0.1050656660412758 0.3560606060606061
2 0.16041275797373358 0.5397727272727273 0.08067542213883677 0.3522727272727273
2 0.26125703564727953 0.5492424242424242 0.10037523452157598 0.32575757575757575
2 0.36679174484052535 0.5890151515151515 0.1050656660412758 0.32196969696969696
2 0.48358348968105064 0.615530303030303 0.1022514071294559 0.35984848484848486
2 0.5909943714821764 0.6382575757575758 0.09943714821763602 0.3522727272727273
2 0.6969981238273921 0.6515151515151515 0.10881801125703565 0.3409090909090909
2 0.7893996247654784 0.6723484848484849 0.08911819887429644 0.3446969696969697
2 0.8968105065666041 0.696969696969697 0.10881801125703565 0.29545454545454547
