2 0.2508532423208191 0.825462962962963 0.15699658703071673 0.03611111111111111
2 0.44283276450511944 0.836574074074074 0.2030716723549488 0.05462962962962963
2 0.659556313993174 0.8421296296296297 0.21331058020477817 0.04537037037037037
2 0.8609215017064846 0.8532407407407407 0.189419795221843 0.049074074074074076
2 0.9837883959044369 0.85 0.032423208191126277 0.04814814814814815
2 0.2090443686006826 0.8689814814814815 0.17918088737201365 0.041666666666666664
2 0.4232081911262799 0.8666666666666667 0.19112627986348124 0.05555555555555555
2 0.6254266211604096 0.8805555555555555 0.189419795221843 0.05740740740740741
2 0.8336177474402731 0.8916666666666667 0.2098976109215017 0.05555555555555555
2 0.9778156996587031 0.8986111111111111 0.04436860068259386 0.06018518518518518
