2 0.490278 0.307614 0.076852 0.038579
2 0.484722 0.254822 0.071296 0.036548
2 0.493981 0.285787 0.080556 0.041624
2 0.559259 0.243147 0.062963 0.029442
2 0.581944 0.267005 0.080556 0.038579
2 0.573148 0.303046 0.090741 0.033503
3 0.582407 0.341117 0.098148 0.044670
3 0.592593 0.369036 0.109259 0.045685
3 0.595833 0.408629 0.095370 0.043655
3 0.611111 0.454822 0.118519 0.069036
3 0.635648 0.531980 0.169444 0.077157
3 0.686574 0.625381 0.234259 0.109645
3 0.699537 0.735533 0.191667 0.143147
3 0.732407 0.889848 0.240741 0.187817
