2 0.251124 0.487252 0.095506 0.121813
2 0.382022 0.500708 0.175281 0.128895
2 0.561798 0.514873 0.175281 0.137394
2 0.745506 0.522663 0.183146 0.135977
2 0.101124 0.615439 0.191011 0.148725
2 0.300000 0.638102 0.182022 0.182720
2 0.488764 0.652266 0.186517 0.162890
2 0.685955 0.679887 0.192135 0.175637
2 0.891573 0.675637 0.212360 0.150142
2 0.137079 0.833569 0.253933 0.233711
2 0.392697 0.836402 0.250562 0.202550
2 0.623596 0.863314 0.204494 0.247875
2 0.866292 0.873229 0.253933 0.233711
3 0.473034 0.378895 0.132584 0.089235
3 0.612360 0.391643 0.146067 0.097734
3 0.533146 0.302408 0.147191 0.086402
3 0.678652 0.302408 0.137079 0.089235
3 0.576404 0.220963 0.123596 0.099150
3 0.711798 0.238669 0.111236 0.075071
3 0.650562 0.164306 0.134831 0.093484
3 0.744944 0.182011 0.116854 0.066572
3 0.767978 0.121105 0.104494 0.080737
3 0.683708 0.113314 0.097753 0.107649
3 0.708427 0.050283 0.070787 0.069405
3 0.787640 0.048159 0.087640 0.093484
