2 0.488889 0.304569 0.090741 0.038579
2 0.575000 0.304061 0.088889 0.039594
2 0.486574 0.276650 0.084259 0.033503
2 0.563889 0.281726 0.083333 0.045685
2 0.489815 0.252284 0.072222 0.037563
2 0.564352 0.246701 0.078704 0.036548
3 0.585648 0.344670 0.117593 0.068020
3 0.616204 0.411675 0.147222 0.063959
3 0.621759 0.463452 0.162037 0.063959
3 0.656944 0.545685 0.199074 0.106599
3 0.659722 0.617259 0.208333 0.085279
3 0.693519 0.738071 0.214815 0.152284
3 0.738426 0.888325 0.286111 0.184772
3 0.402778 0.277157 0.083333 0.042640
3 0.543056 0.194924 0.075000 0.067005
3 0.536574 0.149746 0.069444 0.065990
3 0.331019 0.281726 0.093519 0.043655
3 0.534259 0.110152 0.083333 0.055838
3 0.242130 0.280203 0.087963 0.050761
