2 0.518409 0.632042 0.054492 0.140845
2 0.586892 0.647887 0.082474 0.147887
2 0.666421 0.649648 0.064801 0.123239
2 0.740427 0.660211 0.077320 0.144366
2 0.814801 0.662852 0.071429 0.139085
2 0.893594 0.660211 0.080265 0.140845
2 0.967599 0.663732 0.064801 0.147887
3 0.493741 0.132042 0.056701 0.112676
3 0.552283 0.123239 0.066274 0.123239
3 0.612297 0.134683 0.061119 0.107394
3 0.719809 0.132042 0.056701 0.088028
3 0.778351 0.152289 0.073638 0.117958
3 0.827320 0.134683 0.059647 0.086268
3 0.892857 0.158451 0.080265 0.105634
3 0.940353 0.134683 0.055965 0.093310
