2 0.408320 0.568814 0.147920 0.112738
2 0.577042 0.582723 0.161787 0.128843
2 0.744992 0.598097 0.183359 0.109810
2 0.221880 0.674963 0.135593 0.122987
2 0.399076 0.697657 0.181818 0.136164
2 0.563174 0.707906 0.171032 0.142020
2 0.761171 0.725476 0.191063 0.136164
2 0.885978 0.739385 0.117103 0.131772
3 0.563945 0.472914 0.169492 0.096633
3 0.564715 0.385798 0.167951 0.086384
3 0.556240 0.297950 0.157165 0.071742
3 0.557011 0.145681 0.130971 0.077599
3 0.553929 0.087848 0.134052 0.070278
3 0.553929 0.042460 0.127889 0.046852
