2 0.319940 0.214038 0.178241 0.099206
2 0.489914 0.214534 0.178241 0.104663
2 0.670139 0.229167 0.168320 0.110119
2 0.852844 0.235119 0.171296 0.100198
2 0.760251 0.333705 0.207011 0.122768
2 0.582507 0.331597 0.196759 0.137897
2 0.376157 0.317088 0.169643 0.121776
2 0.527943 0.612475 0.219907 0.158482
2 0.957672 0.106151 0.084656 0.092758
2 0.839120 0.104043 0.175595 0.107887
2 0.690311 0.089906 0.170966 0.077629
2 0.508433 0.080357 0.186839 0.079861
2 0.070767 0.054439 0.139550 0.073165
2 0.212963 0.055556 0.130952 0.088294
3 0.537202 0.453993 0.184193 0.164931
3 0.301422 0.611359 0.235780 0.184524
3 0.112434 0.589286 0.216931 0.174603
