2 0.43664202745512143 0.8004629629629629 0.09820485744456177 0.062037037037037036
2 0.5348468848996832 0.8009259259259259 0.08553326293558607 0.06666666666666667
2 0.629883843717001 0.8152777777777778 0.08764519535374868 0.0712962962962963
2 0.7280887011615629 0.8175925925925925 0.08342133051742344 0.06851851851851852
2 0.8384371700105596 0.8236111111111111 0.09926082365364308 0.0712962962962963
2 0.9371700105596621 0.8342592592592593 0.09609292502639916 0.07407407407407407
2 0.48468848996832103 0.7194444444444444 0.0781414994720169 0.05
2 0.518479408658923 0.6712962962962963 0.06546990496304118 0.04259259259259259
2 0.5454065469904963 0.6236111111111111 0.0559662090813094 0.03981481481481482
2 0.5670538542766631 0.5819444444444445 0.0675818373812038 0.041666666666666664
2 0.5929250263991552 0.5439814814814815 0.06230200633579725 0.028703703703703703
2 0.6172122492080253 0.513425925925926 0.0559662090813094 0.013888888888888888
