2 0.044444 0.150323 0.064815 0.086452
2 0.123148 0.143226 0.107407 0.082581
2 0.228241 0.158710 0.104630 0.064516
2 0.325926 0.152258 0.096296 0.061935
2 0.430093 0.154194 0.106481 0.063226
2 0.520370 0.154194 0.098148 0.052903
2 0.619907 0.148387 0.100926 0.059355
2 0.715278 0.148387 0.104630 0.051613
2 0.812037 0.149032 0.101852 0.070968
2 0.903704 0.147097 0.098148 0.074839
2 0.975463 0.140000 0.049074 0.081290
2 0.325000 0.260645 0.116667 0.072258
2 0.435185 0.250968 0.111111 0.068387
2 0.550000 0.254839 0.120370 0.070968
2 0.663426 0.249677 0.126852 0.076129
2 0.620370 0.336774 0.148148 0.098065
2 0.504167 0.330323 0.145370 0.092903
2 0.381481 0.331613 0.135185 0.090323
3 0.503704 0.441935 0.155556 0.140645
3 0.518519 0.570323 0.192593 0.183226
3 0.539352 0.731613 0.215741 0.185806
3 0.571296 0.905161 0.250000 0.187097
