2 0.389013 0.147487 0.118800 0.201720
2 0.521701 0.096892 0.144593 0.177910
2 0.678571 0.080192 0.169147 0.142526
2 0.276166 0.049107 0.113839 0.097553
2 0.273189 0.192130 0.117808 0.185847
2 0.392113 0.034722 0.114583 0.067460
3 0.604663 0.251984 0.170139 0.193783
3 0.607143 0.460483 0.188988 0.211971
3 0.622148 0.704696 0.207093 0.259921
3 0.449405 0.288360 0.141865 0.200397
3 0.448909 0.486772 0.151290 0.205026
3 0.433036 0.714947 0.174603 0.250661
3 0.620784 0.913360 0.214782 0.173280
3 0.436508 0.916171 0.174603 0.167659
