2 0.16717557251908396 0.5233333333333333 0.10229007633587786 0.14666666666666667
2 0.2862595419847328 0.5133333333333333 0.1267175572519084 0.16
2 0.416793893129771 0.5 0.1282442748091603 0.18
2 0.533587786259542 0.49166666666666664 0.12366412213740458 0.17666666666666667
2 0.6618320610687023 0.485 0.11450381679389313 0.17
2 0.7870229007633588 0.46 0.1083969465648855 0.20666666666666667
2 0.9106870229007633 0.46166666666666667 0.12061068702290076 0.21
2 0.7725190839694657 0.2683333333333333 0.11908396946564885 0.16333333333333333
2 0.8839694656488549 0.2783333333333333 0.1099236641221374 0.18333333333333332
2 0.7603053435114504 0.11666666666666667 0.10381679389312977 0.13333333333333333
2 0.8580152671755725 0.125 0.08244274809160305 0.13
