2 0.071749 0.762729 0.105381 0.136456
2 0.180493 0.757637 0.109865 0.118126
2 0.292040 0.744399 0.106502 0.136456
2 0.047646 0.923625 0.093049 0.152749
2 0.141816 0.909369 0.131166 0.181263
2 0.261211 0.911405 0.154709 0.177189
2 0.382287 0.885947 0.152466 0.146640
2 0.484865 0.878819 0.135650 0.152749
2 0.588565 0.881874 0.125561 0.183299
2 0.706839 0.869654 0.142377 0.179226
2 0.127803 0.364562 0.103139 0.073320
2 0.210202 0.343177 0.095291 0.067210
2 0.108744 0.265784 0.089686 0.067210
2 0.196188 0.260692 0.085202 0.081466
3 0.149103 0.453157 0.114350 0.120163
3 0.147422 0.556008 0.095291 0.073320
3 0.159753 0.634420 0.102018 0.087576
3 0.416480 0.265784 0.095291 0.095723
3 0.498318 0.247454 0.095291 0.107943
3 0.573991 0.251527 0.091928 0.095723
3 0.643498 0.259674 0.080717 0.103870
