2 0.352982 0.733213 0.217753 0.111511
2 0.157420 0.720624 0.206657 0.110312
2 0.239945 0.587530 0.169209 0.083933
2 0.253121 0.526978 0.156727 0.073141
2 0.246186 0.474820 0.156727 0.064748
2 0.108183 0.459233 0.144244 0.045564
2 0.111650 0.528777 0.176144 0.086331
2 0.092233 0.585132 0.181692 0.079137
3 0.322469 0.408873 0.134535 0.074341
3 0.387656 0.372302 0.134535 0.073141
3 0.438280 0.350719 0.130374 0.082734
3 0.498613 0.305156 0.120666 0.070743
3 0.549931 0.269185 0.131761 0.063549
3 0.608877 0.243405 0.133148 0.047962
