2 0.3469613259668508 0.8079710144927537 0.0718232044198895 0.2028985507246377
2 0.4198895027624309 0.8260869565217391 0.06519337016574586 0.2463768115942029
2 0.5011049723756906 0.7952898550724637 0.0718232044198895 0.2210144927536232
2 0.5773480662983426 0.8188405797101449 0.06740331491712707 0.2318840579710145
2 0.6502762430939226 0.8061594202898551 0.07292817679558011 0.29347826086956524
2 0.026519337016574586 0.44021739130434784 0.032044198895027624 0.19202898550724637
2 0.07320441988950276 0.43478260869565216 0.07679558011049724 0.21014492753623187
2 0.12513812154696133 0.4601449275362319 0.062430939226519336 0.18840579710144928
2 0.19558011049723756 0.48731884057971014 0.06519337016574586 0.213768115942029
2 0.25607734806629834 0.45108695652173914 0.05911602209944752 0.17753623188405798
2 0.3187845303867403 0.4692028985507246 0.06629834254143646 0.213768115942029
2 0.3870165745856354 0.4583333333333333 0.06464088397790055 0.15579710144927536
2 0.46049723756906075 0.4673913043478261 0.054696132596685085 0.18840579710144928
2 0.5226519337016574 0.44565217391304346 0.0707182320441989 0.26811594202898553
2 0.5864640883977901 0.4891304347826087 0.058011049723756904 0.14492753623188406
2 0.6530386740331492 0.47101449275362317 0.07403314917127071 0.2318840579710145
2 0.7323204419889503 0.427536231884058 0.09226519337016574 0.1956521739130435
2 0.7875690607734807 0.47101449275362317 0.058011049723756904 0.18115942028985507
2 0.8491712707182321 0.4963768115942029 0.061878453038674036 0.32608695652173914
2 0.9179558011049723 0.4221014492753623 0.08232044198895028 0.25
2 0.9756906077348066 0.4945652173913043 0.04861878453038674 0.17028985507246377
