2 0.114644 0.731377 0.159923 0.126411
2 0.269750 0.722348 0.134875 0.099323
2 0.093449 0.863431 0.171484 0.128668
2 0.257225 0.852144 0.175337 0.133183
2 0.426782 0.839729 0.171484 0.153499
2 0.592486 0.834086 0.163776 0.133183
2 0.754335 0.826185 0.175337 0.144470
2 0.880539 0.830700 0.123314 0.158014
3 0.141618 0.607223 0.198459 0.108352
3 0.153179 0.504515 0.156069 0.088036
3 0.172447 0.407449 0.167630 0.083521
3 0.185934 0.329571 0.171484 0.090293
3 0.200385 0.244921 0.142582 0.079007
3 0.215800 0.177201 0.157996 0.069977
3 0.232177 0.118510 0.152216 0.069977
