2 0.2736450584484591 0.7619718309859155 0.0924548352816153 0.2056338028169014
2 0.361317747077577 0.776056338028169 0.09139213602550478 0.18873239436619718
2 0.4665249734325186 0.7943661971830986 0.1126461211477152 0.2591549295774648
2 0.5871413390010627 0.8084507042253521 0.09883103081827843 0.24225352112676057
2 0.6886291179596175 0.7985915492957747 0.08926673751328375 0.23380281690140844
2 0.80605738575983 0.8253521126760563 0.09883103081827843 0.23098591549295774
2 0.9176408076514346 0.8366197183098592 0.10520722635494155 0.23098591549295774
2 0.8145589798087142 0.6014084507042253 0.0924548352816153 0.17746478873239438
2 0.9165781083953242 0.6070422535211267 0.0818278427205101 0.18309859154929578
2 0.8219978746014878 0.3929577464788732 0.08820403825717323 0.16619718309859155
2 0.9160467587672688 0.423943661971831 0.08289054197662062 0.17746478873239438
