2 0.113133 0.400061 0.149520 0.162706
2 0.285974 0.382693 0.159113 0.208410
2 0.463943 0.378123 0.169699 0.204144
2 0.645882 0.376295 0.172345 0.218769
2 0.818227 0.405850 0.161760 0.230347
2 0.953523 0.399147 0.092954 0.214503
2 0.943434 0.656917 0.113133 0.255941
2 0.798710 0.619135 0.219319 0.277879
2 0.604201 0.611213 0.184254 0.241316
2 0.414820 0.611213 0.183262 0.223035
2 0.236520 0.624619 0.173338 0.209628
2 0.076249 0.633760 0.143897 0.232785
3 0.369004 0.820536 0.201456 0.202925
3 0.577572 0.828458 0.188554 0.189519
3 0.369004 0.950945 0.188224 0.068860
3 0.567979 0.959781 0.191862 0.059720
