2 0.17647058823529413 0.795045045045045 0.22549019607843138 0.1946946946946947
2 0.3625408496732026 0.8903903903903904 0.20302287581699346 0.2072072072072072
2 0.5022467320261438 0.6794294294294294 0.17933006535947713 0.2047047047047047
2 0.3194444444444444 0.5758258258258259 0.17401960784313725 0.16966966966966968
2 0.44546568627450983 0.4164164164164164 0.15645424836601307 0.1991991991991992
2 0.5939542483660131 0.47872872872872874 0.1830065359477124 0.2577577577577578
2 0.6946486928104575 0.3430930930930931 0.14501633986928106 0.16966966966966968
2 0.5555555555555556 0.2707707707707708 0.1919934640522876 0.1841841841841842
2 0.647671568627451 0.13813813813813813 0.13766339869281047 0.17317317317317318
2 0.7953431372549019 0.21096096096096095 0.1511437908496732 0.2037037037037037
2 0.8833741830065359 0.06681681681681682 0.11887254901960784 0.1086086086086086
2 0.7287581699346405 0.03528528528528529 0.1919934640522876 0.05855855855855856
