2 0.062665 0.514245 0.112103 0.160114
2 0.213294 0.468376 0.148810 0.159544
2 0.369709 0.408262 0.140873 0.144160
2 0.503968 0.371225 0.148148 0.153276
2 0.654762 0.323362 0.148810 0.137322
2 0.798942 0.274644 0.132275 0.153846
2 0.942130 0.229915 0.115741 0.140741
2 0.953373 0.389744 0.093254 0.188034
2 0.835483 0.433048 0.161045 0.181197
2 0.703208 0.492023 0.135251 0.181766
2 0.538690 0.546439 0.181217 0.169801
2 0.378968 0.590883 0.159392 0.159544
2 0.227017 0.670940 0.194775 0.180627
2 0.074074 0.715385 0.139550 0.193162
3 0.471396 0.753561 0.160384 0.148718
3 0.647487 0.765812 0.175926 0.232479
3 0.435847 0.911396 0.188492 0.177208
3 0.640212 0.927350 0.213624 0.145299
