2 0.043519 0.158065 0.079630 0.081290
2 0.125463 0.158710 0.104630 0.092903
2 0.226852 0.141935 0.111111 0.080000
2 0.323611 0.150323 0.091667 0.058065
2 0.425926 0.154839 0.098148 0.072258
2 0.514815 0.139355 0.092593 0.064516
2 0.613889 0.141935 0.096296 0.064516
2 0.710648 0.140645 0.093519 0.067097
2 0.810648 0.149677 0.106481 0.072258
2 0.901389 0.136774 0.091667 0.077419
2 0.973611 0.141290 0.052778 0.104516
2 0.662037 0.249032 0.131481 0.074839
2 0.561574 0.250968 0.121296 0.078710
2 0.626852 0.344516 0.174074 0.131613
2 0.504167 0.326452 0.136111 0.082581
2 0.372685 0.326452 0.134259 0.074839
2 0.329167 0.242581 0.134259 0.061935
2 0.442130 0.256774 0.112037 0.098065
3 0.510185 0.428387 0.148148 0.118710
3 0.525926 0.569677 0.181481 0.145806
3 0.539352 0.732258 0.202778 0.205161
3 0.549537 0.915484 0.243519 0.169032
