2 0.143529 0.130597 0.160770 0.101679
2 0.270040 0.061334 0.163009 0.109608
2 0.236453 0.224580 0.172862 0.118004
2 0.359158 0.138759 0.149575 0.136660
2 0.351321 0.342118 0.205553 0.151586
2 0.478504 0.245336 0.162562 0.116604
2 0.448948 0.464086 0.205553 0.157649
2 0.593148 0.360774 0.218988 0.152519
2 0.555979 0.591185 0.226153 0.166511
2 0.696373 0.480177 0.185401 0.145056
2 0.676892 0.773088 0.242275 0.199160
2 0.816391 0.613573 0.222123 0.185168
3 0.561800 0.927239 0.296910 0.145522
3 0.255486 0.906716 0.265562 0.186567
3 0.091133 0.884328 0.169727 0.218284
