2 0.6296725107509097 0.2949343339587242 0.1902084022494211 0.1628517823639775
2 0.616440621898776 0.13921200750469043 0.14455838570956003 0.1575984990619137
2 0.4622891167714191 0.13470919324577862 0.1710221634138273 0.1598499061913696
2 0.47949057227919284 0.30056285178236397 0.18425405226596098 0.1801125703564728
2 0.28663579225934505 0.29662288930581615 0.19550115779027455 0.17073170731707318
2 0.31640754217664574 0.15628517823639776 0.17763810783989414 0.14671669793621014
2 0.1515051273569302 0.13377110694183864 0.17664571617598412 0.13170731707317074
2 0.15001653986106517 0.3073170731707317 0.17036056897122065 0.18311444652908068
2 0.0342375124048958 0.14446529080675422 0.06318226926893813 0.15309568480300187
2 0.04614621237181608 0.3058161350844278 0.0869996692027787 0.1523452157598499
2 0.08104531921931855 0.03921200750469043 0.13959642739000994 0.05891181988742964
