2 0.709160 0.597098 0.242394 0.139137
2 0.897817 0.589534 0.204365 0.148810
2 0.887731 0.462054 0.224537 0.111607
2 0.698082 0.470858 0.231481 0.115823
3 0.928075 0.759549 0.143849 0.194196
3 0.953869 0.926959 0.092262 0.146081
3 0.111276 0.487475 0.196759 0.112847
3 0.282077 0.479911 0.214947 0.111607
3 0.493386 0.477183 0.207672 0.100694
2 0.107308 0.084077 0.109458 0.042163
2 0.242560 0.077629 0.155093 0.050595
2 0.392196 0.064236 0.132275 0.062500
2 0.531415 0.062004 0.155423 0.041171
2 0.687500 0.059400 0.154101 0.046379
2 0.854332 0.057168 0.170966 0.041915
2 0.952712 0.054439 0.094577 0.051835
