2 0.3458994708994709 0.3018217626784835 0.1078042328042328 0.09847365829640571
2 0.44229497354497355 0.3121614967996061 0.08498677248677249 0.07779419005416051
2 0.3718584656084656 0.378877400295421 0.10085978835978836 0.11767602166420482
2 0.4695767195767196 0.38872476612506157 0.10648148148148148 0.10487444608567208
2 0.3999669312169312 0.47439684884293454 0.1207010582010582 0.10487444608567208
2 0.5023148148148148 0.4931068439192516 0.1130952380952381 0.11669128508124077
2 0.42857142857142855 0.585672082717873 0.11044973544973545 0.10290497291974397
2 0.5329034391534392 0.6006893156080748 0.11937830687830688 0.11127523387493846
2 0.4656084656084656 0.7028557360905958 0.15873015873015872 0.11866075824716889
2 0.5712632275132276 0.7102412604628262 0.1087962962962963 0.11472181191531265
2 0.48296957671957674 0.8596750369276218 0.16038359788359788 0.14967996061053668
2 0.6147486772486772 0.843426883308715 0.14087301587301587 0.1329394387001477
