2 0.095238 0.604727 0.164204 0.058387
2 0.057471 0.660797 0.101806 0.059314
2 0.307882 0.334569 0.073892 0.046339
2 0.045977 0.730306 0.088670 0.072289
3 0.254516 0.943466 0.197044 0.094532
3 0.445813 0.948563 0.195402 0.099166
3 0.280788 0.857275 0.200328 0.066728
3 0.464696 0.877665 0.180624 0.077850
3 0.279146 0.796108 0.183908 0.081557
3 0.435961 0.802595 0.139573 0.087118
3 0.306240 0.739110 0.172414 0.067655
3 0.454023 0.754866 0.175698 0.075070
3 0.310345 0.694161 0.114943 0.066728
3 0.458949 0.705746 0.162562 0.080630
3 0.334975 0.668211 0.160920 0.074143
3 0.454844 0.668675 0.111658 0.047266
3 0.337438 0.627896 0.123153 0.065802
3 0.475369 0.625579 0.129721 0.066728
3 0.341544 0.595459 0.131363 0.073216
3 0.474548 0.587118 0.118227 0.049120
