3 0.842593 0.929688 0.314815 0.140625
3 0.804729 0.768601 0.319775 0.179067
3 0.728505 0.610119 0.251984 0.137897
3 0.682870 0.499380 0.220899 0.104415
3 0.648644 0.412574 0.190146 0.081597
3 0.619709 0.343502 0.177249 0.065476
3 0.592593 0.283110 0.153439 0.060268
3 0.579530 0.238963 0.129960 0.042411
3 0.564153 0.199529 0.125000 0.050347
3 0.554233 0.159598 0.114418 0.034474
3 0.540013 0.130456 0.097884 0.038194
3 0.517030 0.074529 0.089616 0.034474
3 0.508598 0.043155 0.094577 0.035218
3 0.498016 0.011905 0.073413 0.023313
