2 0.42205882352941176 0.059602649006622516 0.22647058823529412 0.11479028697571744
2 0.4455882352941177 0.18432671081677704 0.22058823529411764 0.1390728476821192
2 0.4970588235294118 0.3211920529801324 0.25882352941176473 0.1434878587196468
2 0.5514705882352942 0.49337748344370863 0.26176470588235295 0.19205298013245034
2 0.6147058823529412 0.6997792494481236 0.3588235294117647 0.22958057395143489
2 0.7029411764705882 0.9161147902869757 0.3764705882352941 0.16777041942604856
2 0.09117647058823529 0.19536423841059603 0.16470588235294117 0.15673289183222958
2 0.11176470588235295 0.3565121412803532 0.21176470588235294 0.15673289183222958
2 0.125 0.5485651214128036 0.2323529411764706 0.2052980132450331
2 0.13823529411764707 0.8002207505518764 0.2529411764705882 0.2582781456953642
