2 0.400427 0.726287 0.115220 0.173442
2 0.515647 0.728997 0.109531 0.184282
2 0.637269 0.747967 0.139403 0.173442
2 0.894737 0.934959 0.119488 0.130081
2 0.766714 0.921409 0.145092 0.157182
2 0.644381 0.918699 0.122333 0.162602
2 0.517070 0.911924 0.112376 0.176152
2 0.404694 0.888889 0.129445 0.168022
2 0.275249 0.868564 0.115220 0.186992
2 0.165718 0.855014 0.109531 0.154472
2 0.097440 0.860434 0.103841 0.230352
3 0.519915 0.555556 0.115220 0.184282
3 0.508535 0.398374 0.089616 0.135501
3 0.507824 0.287263 0.088193 0.135501
3 0.495021 0.177507 0.088193 0.116531
3 0.488620 0.097561 0.083926 0.092141
3 0.493599 0.044715 0.079659 0.084011
