2 0.406250 0.564965 0.213816 0.062645
2 0.421053 0.483759 0.210526 0.076566
2 0.432566 0.416473 0.200658 0.085847
2 0.430921 0.371230 0.190789 0.069606
2 0.246711 0.349188 0.197368 0.039443
2 0.217105 0.411833 0.190789 0.081206
2 0.189145 0.473318 0.194079 0.074246
2 0.182566 0.560325 0.240132 0.095128
3 0.406250 0.634571 0.246711 0.071926
3 0.414474 0.701856 0.289474 0.090487
3 0.435855 0.778422 0.292763 0.104408
3 0.425987 0.878190 0.351974 0.099768
3 0.399671 0.961717 0.391447 0.076566
3 0.427632 0.310905 0.164474 0.060325
3 0.437500 0.277262 0.157895 0.044084
3 0.430921 0.243619 0.144737 0.051044
3 0.425987 0.206497 0.134868 0.046404
