2 0.800000 0.611765 0.094118 0.062745
2 0.882353 0.588235 0.105882 0.062745
2 0.933824 0.552941 0.073529 0.054902
2 0.945588 0.656863 0.108824 0.098039
2 0.869118 0.676471 0.114706 0.090196
3 0.782353 0.711765 0.117647 0.105882
3 0.691176 0.747059 0.129412 0.098039
3 0.585294 0.780392 0.147059 0.094118
3 0.488235 0.819608 0.164706 0.109804
3 0.360294 0.856863 0.179412 0.113725
3 0.213235 0.901961 0.173529 0.117647
3 0.094118 0.941176 0.158824 0.117647
3 0.804412 0.533333 0.091176 0.062745
3 0.777941 0.515686 0.097059 0.082353
3 0.725000 0.476471 0.079412 0.058824
