2 0.076436 0.242908 0.073480 0.180851
2 0.147804 0.237589 0.077703 0.184397
2 0.073902 0.501773 0.095439 0.230496
2 0.149071 0.512411 0.066723 0.258865
2 0.056166 0.796099 0.103885 0.343972
2 0.149493 0.797872 0.086149 0.319149
2 0.250422 0.792553 0.097128 0.273050
2 0.334037 0.812057 0.068412 0.312057
2 0.405828 0.817376 0.085304 0.280142
2 0.500845 0.824468 0.113176 0.315603
3 0.338682 0.320922 0.072635 0.329787
3 0.393581 0.283688 0.086149 0.191489
3 0.474240 0.276596 0.105574 0.205674
3 0.539696 0.315603 0.084459 0.226950
3 0.595439 0.290780 0.047297 0.205674
