2 0.073643 0.827778 0.138427 0.079630
2 0.173311 0.834722 0.122924 0.084259
2 0.283499 0.846759 0.128461 0.065741
2 0.398671 0.848148 0.121816 0.079630
2 0.527132 0.855556 0.143965 0.081481
2 0.628461 0.863889 0.133998 0.081481
2 0.717608 0.870370 0.093023 0.109259
2 0.797342 0.801389 0.155039 0.082407
2 0.750277 0.733333 0.145072 0.066667
2 0.719269 0.686111 0.107420 0.044444
2 0.677741 0.625000 0.110742 0.044444
2 0.657807 0.588889 0.084164 0.051852
2 0.626800 0.551852 0.117386 0.057407
2 0.618494 0.520370 0.105205 0.050000
2 0.602990 0.481481 0.074197 0.035185
3 0.548173 0.762500 0.146179 0.071296
3 0.511074 0.693519 0.125138 0.064815
3 0.500000 0.651389 0.136213 0.058333
3 0.492248 0.612963 0.133998 0.046296
3 0.478405 0.564815 0.101883 0.035185
3 0.466224 0.539815 0.141750 0.072222
3 0.444075 0.494444 0.081949 0.055556
3 0.438538 0.453241 0.088594 0.052778
3 0.420266 0.421296 0.096346 0.046296
3 0.409745 0.384722 0.090808 0.025000
