2 0.930529 0.723735 0.086011 0.210117
2 0.854442 0.712062 0.083176 0.178988
2 0.794423 0.733463 0.084121 0.206226
2 0.722117 0.750973 0.064272 0.256809
2 0.651701 0.729572 0.076560 0.159533
2 0.596408 0.735409 0.069943 0.178988
2 0.522684 0.747082 0.086957 0.202335
2 0.452268 0.731518 0.078450 0.178988
2 0.385633 0.750973 0.081285 0.186770
2 0.328450 0.725681 0.078450 0.159533
2 0.250000 0.745136 0.084121 0.159533
2 0.190926 0.762646 0.092628 0.186770
3 0.473062 0.548638 0.086011 0.140078
3 0.483459 0.441634 0.095463 0.198444
3 0.496219 0.330739 0.079395 0.101167
3 0.514178 0.091440 0.081285 0.151751
