2 0.402450 0.421392 0.080762 0.141753
2 0.501361 0.449742 0.088022 0.172680
2 0.605263 0.458763 0.088929 0.164948
2 0.709619 0.466495 0.094374 0.164948
2 0.817604 0.493557 0.098004 0.167526
2 0.928312 0.538660 0.094374 0.195876
2 0.355263 0.597938 0.084392 0.237113
2 0.453267 0.617268 0.104356 0.219072
2 0.565789 0.657216 0.111615 0.190722
2 0.678766 0.685567 0.098004 0.252577
2 0.800363 0.720361 0.117967 0.250000
2 0.927405 0.750000 0.110708 0.211340
2 0.443739 0.250000 0.078040 0.159794
2 0.477314 0.115979 0.079855 0.154639
