2 0.06478102189781022 0.8606965174129353 0.12773722627737227 0.25870646766169153
2 0.177007299270073 0.8432835820895522 0.10583941605839416 0.31343283582089554
2 0.2732664233576642 0.8681592039800995 0.11222627737226278 0.263681592039801
2 0.3772810218978102 0.8482587064676617 0.1322992700729927 0.3034825870646766
2 0.47536496350364965 0.8606965174129353 0.11131386861313869 0.27860696517412936
2 0.5757299270072993 0.8258706467661692 0.11496350364963503 0.3482587064676617
2 0.6719890510948905 0.8507462686567164 0.11222627737226278 0.29850746268656714
2 0.7782846715328468 0.8233830845771144 0.1259124087591241 0.35323383084577115
2 0.8686131386861314 0.8631840796019901 0.11496350364963503 0.2736318407960199
2 0.9630474452554745 0.835820895522388 0.0739051094890511 0.3283582089552239
