2 0.041875 0.877778 0.073750 0.061111
2 0.140000 0.863889 0.105000 0.042593
2 0.249375 0.862037 0.103750 0.020370
2 0.363125 0.867130 0.116250 0.028704
2 0.478125 0.865278 0.106250 0.036111
2 0.577500 0.856481 0.092500 0.031481
2 0.677500 0.860185 0.097500 0.029630
2 0.774375 0.858333 0.088750 0.042593
2 0.864375 0.852778 0.098750 0.044444
2 0.131875 0.899074 0.108750 0.027778
2 0.261250 0.896759 0.127500 0.036111
3 0.107500 0.929630 0.112500 0.044444
3 0.116875 0.964352 0.171250 0.043519
3 0.096875 0.986111 0.146250 0.020370
3 0.298750 0.804630 0.057500 0.027778
3 0.297500 0.784722 0.060000 0.021296
3 0.295625 0.773148 0.073750 0.029630
3 0.301875 0.750926 0.078750 0.018519
3 0.291875 0.737963 0.051250 0.020370
