2 0.555721 0.408482 0.100860 0.035714
2 0.475198 0.409350 0.078042 0.038442
2 0.399140 0.408978 0.076058 0.040675
2 0.324901 0.409970 0.077712 0.039683
2 0.246032 0.410218 0.083333 0.040179
2 0.169643 0.410218 0.089286 0.039187
2 0.086144 0.409226 0.091601 0.039683
2 0.098214 0.373140 0.088624 0.037946
2 0.033565 0.371776 0.066468 0.036210
2 0.026455 0.409598 0.052249 0.041419
3 0.045304 0.330109 0.066138 0.022817
3 0.059193 0.304315 0.082011 0.031250
3 0.066964 0.275174 0.071759 0.020585
3 0.073578 0.258433 0.070437 0.030258
3 0.082176 0.239459 0.061839 0.027034
3 0.089120 0.222346 0.061839 0.022569
3 0.093585 0.205605 0.058862 0.017361
3 0.100033 0.174231 0.054563 0.021577
3 0.115079 0.156498 0.050265 0.022817
3 0.113591 0.134921 0.044643 0.020337
