2 0.8035579106737321 0.5852272727272727 0.09462528387585163 0.36363636363636365
2 0.7259651778955337 0.5852272727272727 0.08327024981074943 0.38636363636363635
2 0.661998485995458 0.5823863636363636 0.08856926570779712 0.5056818181818182
2 0.5878122634367903 0.5625 0.07948523845571537 0.4659090909090909
2 0.5136260408781226 0.5482954545454546 0.07797123391370174 0.3693181818181818
2 0.4458743376230129 0.4943181818181818 0.07115821347464042 0.4431818181818182
2 0.3796366389099167 0.5397727272727273 0.06888720666161999 0.4318181818181818
2 0.30885692657077973 0.5397727272727273 0.0757002271006813 0.42045454545454547
2 0.24716124148372445 0.5511363636363636 0.07191521574564724 0.36363636363636365
2 0.17562452687358063 0.4744318181818182 0.06661619984859955 0.3125
2 0.10598031794095382 0.4715909090909091 0.09689629068887207 0.3977272727272727
2 0.04996214988644966 0.4318181818181818 0.08932626797880394 0.4090909090909091
