3 0.336226 0.949954 0.342733 0.077850
3 0.704989 0.943466 0.377440 0.113068
3 0.375271 0.874884 0.321041 0.085264
3 0.667028 0.843837 0.349241 0.080630
3 0.383948 0.779425 0.338395 0.081557
3 0.650759 0.765987 0.260304 0.063948
3 0.381779 0.715941 0.268980 0.075070
3 0.606291 0.702039 0.201735 0.071362
3 0.398048 0.658943 0.232104 0.072289
3 0.605206 0.647822 0.190889 0.064875
3 0.375271 0.596849 0.160521 0.059314
3 0.594360 0.594532 0.208243 0.054680
3 0.407809 0.556534 0.143167 0.069509
3 0.405640 0.464782 0.182213 0.043559
3 0.422993 0.512512 0.164859 0.046339
3 0.586768 0.504171 0.184382 0.046339
3 0.610629 0.552363 0.167028 0.046339
3 0.598698 0.464319 0.164859 0.057461
2 0.138829 0.392030 0.221258 0.037071
2 0.119306 0.430028 0.195228 0.044486
2 0.098698 0.479147 0.162690 0.061168
2 0.067245 0.529194 0.117137 0.066728
