2 0.062356 0.770370 0.117783 0.077778
2 0.179561 0.780093 0.109700 0.087963
2 0.294457 0.778704 0.131640 0.088889
2 0.423788 0.781481 0.120092 0.085185
2 0.553118 0.781481 0.136259 0.090741
2 0.691686 0.788426 0.133949 0.093519
2 0.819861 0.788426 0.143187 0.089815
2 0.946305 0.791204 0.107390 0.078704
3 0.663395 0.710185 0.132794 0.081481
3 0.676674 0.643519 0.127021 0.062963
3 0.710162 0.576389 0.099307 0.049074
3 0.756351 0.536111 0.108545 0.083333
3 0.751732 0.483796 0.083141 0.056481
3 0.784065 0.446296 0.083141 0.048148
3 0.808314 0.420370 0.080831 0.055556
3 0.817552 0.384722 0.069284 0.049074
