3 0.244378 0.655506 0.286376 0.168155
3 0.489749 0.657738 0.273810 0.161210
3 0.735946 0.655630 0.270172 0.146081
3 0.910714 0.649430 0.178571 0.158482
3 0.079200 0.674231 0.157738 0.139137
2 0.897487 0.114707 0.163360 0.053819
2 0.979497 0.111979 0.041005 0.042907
2 0.053406 0.123636 0.106151 0.046875
2 0.170635 0.118676 0.112434 0.046379
2 0.308532 0.125000 0.140873 0.057044
2 0.407242 0.115823 0.102183 0.036706
2 0.536541 0.120784 0.122024 0.050595
2 0.669478 0.118056 0.129299 0.041171
2 0.781746 0.118676 0.115079 0.039931
