3 0.794643 0.728671 0.273810 0.154266
3 0.856481 0.868428 0.287037 0.128224
3 0.883102 0.966270 0.233796 0.067460
3 0.737765 0.597718 0.266534 0.115575
3 0.683036 0.502480 0.225860 0.091270
3 0.638724 0.424727 0.190807 0.066220
3 0.606978 0.363219 0.164352 0.055804
3 0.581680 0.313368 0.165344 0.051339
3 0.558697 0.268973 0.138558 0.044891
3 0.536376 0.231895 0.125661 0.037202
3 0.517361 0.198413 0.108135 0.035218
3 0.507771 0.171751 0.102844 0.031498
3 0.497354 0.147321 0.098545 0.027778
3 0.483631 0.125868 0.086310 0.021081
3 0.471892 0.106027 0.082011 0.018601
3 0.463624 0.088418 0.083333 0.021577
3 0.454365 0.064856 0.078704 0.029514
3 0.443287 0.047991 0.071759 0.018601
3 0.432705 0.026910 0.059854 0.016617
3 0.422454 0.009053 0.058532 0.016121
