3 0.157216 0.785714 0.293814 0.235521
3 0.262887 0.631274 0.288660 0.181467
2 0.358247 0.500000 0.252577 0.158301
2 0.533505 0.403475 0.221649 0.135135
2 0.703608 0.447876 0.242268 0.138996
2 0.355670 0.374517 0.216495 0.123552
2 0.213918 0.343629 0.211340 0.108108
2 0.912371 0.301158 0.175258 0.115830
2 0.762887 0.279923 0.216495 0.111969
2 0.600515 0.256757 0.201031 0.104247
2 0.445876 0.227799 0.201031 0.100386
2 0.314433 0.218147 0.185567 0.096525
2 0.198454 0.200772 0.180412 0.084942
2 0.087629 0.177606 0.154639 0.084942
