2 0.097536 0.234375 0.059548 0.093750
2 0.171458 0.257102 0.075975 0.110795
2 0.123203 0.380682 0.094456 0.159091
2 0.199692 0.379261 0.093429 0.139205
2 0.049281 0.571023 0.084189 0.176136
2 0.127823 0.552557 0.089322 0.190341
2 0.211499 0.544034 0.092402 0.144886
2 0.288501 0.545455 0.082136 0.153409
2 0.363450 0.522727 0.073922 0.193182
2 0.436345 0.535511 0.094456 0.139205
2 0.518994 0.514205 0.095483 0.130682
3 0.256674 0.235795 0.075975 0.113636
3 0.334189 0.237216 0.079055 0.105114
3 0.401437 0.231534 0.073922 0.127841
