2 0.027885 0.458904 0.049574 0.164384
2 0.084431 0.474886 0.063517 0.168950
2 0.150658 0.482877 0.065840 0.152968
2 0.223083 0.503425 0.065066 0.157534
2 0.283888 0.512557 0.062742 0.157534
2 0.360186 0.523973 0.079009 0.166667
2 0.431448 0.545662 0.066615 0.196347
2 0.514717 0.559361 0.079783 0.150685
2 0.598373 0.563927 0.076685 0.168950
2 0.674671 0.592466 0.082107 0.184932
2 0.757940 0.601598 0.085980 0.184932
2 0.845081 0.628995 0.088304 0.221461
2 0.905500 0.625571 0.043377 0.173516
2 0.389233 0.369863 0.054996 0.127854
2 0.457397 0.389269 0.067390 0.130137
2 0.531371 0.381279 0.063517 0.127854
3 0.465531 0.247717 0.054222 0.066210
3 0.482184 0.136986 0.053447 0.109589
3 0.494965 0.051370 0.060418 0.084475
