2 0.176667 0.793586 0.081333 0.113487
2 0.268667 0.802632 0.094667 0.108553
2 0.370667 0.807566 0.106667 0.105263
2 0.483333 0.814145 0.102667 0.105263
2 0.598667 0.816612 0.104000 0.116776
2 0.712667 0.844572 0.108000 0.120066
2 0.842667 0.841283 0.120000 0.120066
2 0.958000 0.845395 0.084000 0.111842
3 0.863333 0.727796 0.126667 0.083882
3 0.879333 0.641447 0.108000 0.085526
3 0.900667 0.561678 0.092000 0.100329
3 0.922667 0.486842 0.088000 0.078947
3 0.938000 0.434211 0.084000 0.088816
3 0.804000 0.324013 0.090667 0.075658
2 0.888000 0.318257 0.061333 0.060855
2 0.867333 0.377467 0.081333 0.060855
2 0.704667 0.321546 0.081333 0.060855
