2 0.074215 0.827315 0.122427 0.054630
2 0.213434 0.836574 0.145179 0.054630
2 0.389491 0.836574 0.189599 0.043519
2 0.768689 0.840278 0.172264 0.075000
2 0.936620 0.851389 0.126761 0.060185
2 0.595883 0.841204 0.173348 0.056481
2 0.087757 0.900000 0.164680 0.062963
2 0.282774 0.902315 0.212351 0.076852
2 0.508126 0.913889 0.216685 0.088889
2 0.718852 0.918981 0.200433 0.084259
2 0.922535 0.925463 0.154930 0.082407
3 0.891658 0.790278 0.143012 0.078704
3 0.910076 0.736574 0.143012 0.086111
3 0.932286 0.708333 0.109426 0.068519
