2 0.294949 0.769137 0.254545 0.077764
2 0.532323 0.777643 0.232323 0.060753
2 0.769697 0.763062 0.218182 0.063183
2 0.945455 0.777643 0.109091 0.053463
2 0.933333 0.862090 0.133333 0.110571
2 0.763636 0.845687 0.254545 0.111786
2 0.494949 0.843864 0.270707 0.095990
2 0.233333 0.857837 0.236364 0.075334
2 0.415152 0.528554 0.191919 0.034022
2 0.580808 0.529769 0.163636 0.024301
2 0.737374 0.527339 0.153535 0.036452
3 0.532323 0.569259 0.191919 0.052248
3 0.473737 0.607533 0.200000 0.063183
3 0.411111 0.651883 0.200000 0.047388
3 0.363636 0.704131 0.189899 0.061968
