3 0.025950 0.763426 0.043339 0.078704
3 0.035045 0.729167 0.051899 0.056481
3 0.053772 0.795370 0.064741 0.048148
3 0.092563 0.761574 0.064205 0.075000
3 0.111557 0.837963 0.073301 0.085185
3 0.146335 0.800000 0.073301 0.064815
3 0.176565 0.870833 0.079187 0.062037
3 0.210273 0.821296 0.055645 0.059259
3 0.214553 0.887500 0.068486 0.073148
3 0.244516 0.829167 0.042804 0.069444
3 0.255217 0.910648 0.064205 0.076852
3 0.288390 0.858796 0.046014 0.062037
3 0.304976 0.943981 0.068486 0.091667
3 0.340021 0.891667 0.066881 0.085185
