2 0.641176 0.585153 0.170588 0.157205
2 0.804412 0.582969 0.185294 0.170306
2 0.855882 0.781659 0.211765 0.218341
2 0.685294 0.818777 0.235294 0.275109
2 0.720588 0.292576 0.158824 0.104803
2 0.454412 0.216157 0.144118 0.082969
2 0.941176 0.213974 0.117647 0.104803
2 0.905882 0.139738 0.117647 0.096070
2 0.800000 0.120087 0.135294 0.082969
2 0.686765 0.126638 0.126471 0.087336
2 0.564706 0.122271 0.100000 0.069869
2 0.455882 0.120087 0.111765 0.091703
2 0.317647 0.122271 0.164706 0.078603
2 0.167647 0.122271 0.094118 0.069869
2 0.072059 0.122271 0.132353 0.069869
3 0.772059 0.423581 0.179412 0.157205
3 0.375000 0.805677 0.202941 0.248908
3 0.525000 0.788210 0.102941 0.257642
3 0.585294 0.213974 0.123529 0.078603
3 0.710294 0.218341 0.120588 0.061135
3 0.825000 0.207424 0.126471 0.082969
3 0.170588 0.796943 0.211765 0.231441
3 0.042647 0.799127 0.079412 0.227074
