2 0.053036 0.223333 0.092114 0.175556
2 0.150035 0.251111 0.104676 0.164444
2 0.039777 0.466667 0.066992 0.231111
2 0.131542 0.450000 0.123517 0.255556
2 0.253315 0.481111 0.117237 0.264444
2 0.380321 0.532222 0.115841 0.300000
2 0.506978 0.540000 0.143057 0.293333
2 0.632589 0.558889 0.143057 0.317778
2 0.762038 0.564444 0.157711 0.337778
2 0.877181 0.582222 0.149337 0.288889
2 0.971389 0.593333 0.057223 0.280000
2 0.929867 0.858889 0.140265 0.282222
2 0.804955 0.850000 0.161200 0.300000
2 0.664689 0.834444 0.165387 0.331111
2 0.520237 0.846667 0.137474 0.306667
2 0.382415 0.828889 0.156315 0.342222
2 0.239358 0.831111 0.138172 0.337778
2 0.099791 0.783333 0.143754 0.317778
3 0.083043 0.060000 0.103280 0.111111
