2 0.065476 0.546757 0.123677 0.107089
2 0.106812 0.667169 0.189153 0.172951
2 0.231647 0.533937 0.125331 0.109603
2 0.294974 0.662393 0.164021 0.143288
2 0.437665 0.534188 0.129960 0.156360
2 0.539352 0.636752 0.129630 0.207642
2 0.600033 0.503268 0.114087 0.137758
2 0.761078 0.516843 0.110119 0.134741
2 0.914848 0.505028 0.111442 0.121166
2 0.886243 0.628708 0.158730 0.194570
2 0.709987 0.616390 0.109788 0.189040
2 0.654431 0.740322 0.140873 0.185520
3 0.417824 0.812720 0.149802 0.228758
3 0.562996 0.902212 0.184193 0.195576
3 0.336971 0.925088 0.197751 0.149824
