2 0.6236933797909407 0.924074074074074 0.3623693379790941 0.15185185185185185
2 0.6106271777003485 0.825925925925926 0.367595818815331 0.10185185185185185
2 0.578397212543554 0.763425925925926 0.3205574912891986 0.0787037037037037
2 0.6054006968641115 0.6912037037037037 0.3153310104529617 0.0787037037037037
2 0.5566202090592335 0.6462962962962963 0.2770034843205575 0.07037037037037037
2 0.5435540069686411 0.600462962962963 0.26480836236933797 0.0787037037037037
2 0.5252613240418118 0.5597222222222222 0.2421602787456446 0.05648148148148148
2 0.5374564459930313 0.5337962962962963 0.25261324041811845 0.058333333333333334
2 0.5008710801393729 0.49444444444444446 0.21777003484320556 0.05
2 0.509581881533101 0.4722222222222222 0.259581881533101 0.06481481481481481
2 0.4930313588850174 0.44166666666666665 0.20557491289198607 0.07222222222222222
2 0.47473867595818814 0.3912037037037037 0.16550522648083624 0.05648148148148148
