2 0.232970 0.710605 0.239087 0.161339
2 0.383763 0.613200 0.175595 0.166604
2 0.364749 0.836217 0.226852 0.206469
2 0.510251 0.714178 0.158730 0.155698
2 0.667163 0.854457 0.204034 0.197819
2 0.525463 0.929485 0.207672 0.141030
3 0.621693 0.615833 0.185185 0.193682
3 0.726687 0.539489 0.166336 0.169613
3 0.832507 0.448101 0.139881 0.126739
3 0.921462 0.401467 0.157077 0.168860
3 0.957341 0.321926 0.085317 0.132381
3 0.043651 0.416510 0.086640 0.151561
3 0.086971 0.518052 0.158730 0.137270
3 0.147983 0.591576 0.159722 0.095525
