2 0.042373 0.845833 0.079393 0.054630
2 0.156111 0.851852 0.164139 0.070370
2 0.312221 0.860185 0.167707 0.053704
2 0.489741 0.860648 0.178412 0.052778
2 0.655219 0.864815 0.181088 0.092593
2 0.802409 0.842593 0.156111 0.092593
2 0.904550 0.934722 0.190901 0.093519
2 0.726583 0.930093 0.263158 0.100926
2 0.534790 0.930556 0.216771 0.088889
2 0.347012 0.936111 0.219447 0.098148
2 0.157449 0.916667 0.198930 0.096296
3 0.104817 0.783796 0.173952 0.056481
3 0.107493 0.736574 0.145406 0.062037
3 0.127119 0.700926 0.120428 0.040741
3 0.137823 0.684259 0.120428 0.057407
