2 0.507110 0.043671 0.170304 0.085122
2 0.652943 0.065507 0.154431 0.113249
2 0.544974 0.154700 0.189815 0.145818
2 0.700231 0.188934 0.151786 0.138046
2 0.571263 0.306625 0.187500 0.140266
2 0.738095 0.320133 0.175265 0.145818
2 0.598545 0.469837 0.187831 0.162472
2 0.789517 0.487232 0.188823 0.155811
2 0.639385 0.665803 0.222553 0.190229
2 0.844411 0.676536 0.199405 0.205774
2 0.682540 0.890266 0.231481 0.219467
2 0.897652 0.894152 0.204696 0.211695
3 0.116071 0.359919 0.191799 0.175056
3 0.294643 0.439304 0.202381 0.192450
3 0.455522 0.523316 0.135251 0.201332
3 0.406911 0.709474 0.234458 0.205774
3 0.186673 0.628793 0.245040 0.207994
3 0.076224 0.552184 0.119378 0.259067
