2 0.531656 0.777487 0.058442 0.298429
2 0.604708 0.808901 0.084416 0.371728
2 0.664773 0.790576 0.064935 0.282723
2 0.741883 0.806283 0.084416 0.293194
2 0.797890 0.756545 0.074675 0.267016
2 0.861607 0.709424 0.056006 0.277487
2 0.933442 0.772251 0.086039 0.298429
2 0.461851 0.767016 0.064935 0.246073
2 0.409091 0.782723 0.074675 0.267016
2 0.339692 0.790576 0.078734 0.272251
2 0.279627 0.790576 0.072240 0.219895
2 0.213880 0.790576 0.088474 0.240838
3 0.483360 0.510471 0.081981 0.225131
3 0.497159 0.290576 0.093344 0.214660
3 0.498377 0.099476 0.068182 0.178010
