2 0.498838 0.298165 0.044926 0.107034
2 0.548412 0.330275 0.054222 0.097859
2 0.591402 0.331804 0.039504 0.082569
2 0.591015 0.449541 0.057320 0.122324
2 0.539117 0.426606 0.049574 0.094801
2 0.489543 0.422018 0.052672 0.159021
3 0.525562 0.547401 0.047250 0.110092
3 0.516654 0.678899 0.072812 0.171254
3 0.497289 0.811927 0.075910 0.162080
3 0.483734 0.932722 0.058095 0.134557
3 0.442293 0.311927 0.040279 0.091743
3 0.398141 0.318043 0.054222 0.103976
3 0.355151 0.331804 0.065840 0.113150
3 0.799380 0.345566 0.061967 0.140673
3 0.858637 0.385321 0.067390 0.171254
3 0.909760 0.357798 0.054996 0.146789
3 0.295507 0.313456 0.050349 0.119266
