2 0.621802 0.483813 0.068966 0.154676
2 0.640712 0.661871 0.073415 0.208633
2 0.557286 0.482014 0.060067 0.187050
2 0.573415 0.667266 0.085651 0.197842
2 0.492214 0.467626 0.076752 0.165468
2 0.502225 0.651079 0.092325 0.187050
2 0.418799 0.437050 0.081201 0.147482
2 0.427697 0.633094 0.076752 0.179856
2 0.356507 0.460432 0.070078 0.143885
2 0.358176 0.624101 0.075640 0.169065
2 0.291991 0.456835 0.070078 0.165468
2 0.283092 0.613309 0.083426 0.212230
2 0.215239 0.429856 0.065628 0.125899
2 0.217464 0.606115 0.070078 0.205036
2 0.145717 0.415468 0.053393 0.133094
2 0.143493 0.627698 0.104561 0.219424
2 0.095106 0.408273 0.083426 0.154676
2 0.081758 0.598921 0.101224 0.190647
2 0.033370 0.406475 0.057842 0.151079
2 0.037820 0.269784 0.064516 0.158273
2 0.101780 0.253597 0.058954 0.147482
2 0.165184 0.248201 0.058954 0.136691
2 0.233593 0.280576 0.062291 0.151079
3 0.116796 0.102518 0.071190 0.111511
3 0.185762 0.091727 0.051168 0.111511
