3 0.262537 0.927791 0.131760 0.108010
3 0.311209 0.830097 0.170108 0.099515
3 0.334808 0.724515 0.140610 0.075243
3 0.369715 0.645024 0.133727 0.071602
3 0.402655 0.579490 0.132743 0.057039
3 0.415929 0.515170 0.112094 0.054612
3 0.433628 0.462985 0.096362 0.074029
3 0.464602 0.414442 0.093412 0.066748
3 0.484267 0.385922 0.111111 0.089806
3 0.488692 0.329490 0.090462 0.054612
3 0.505408 0.292476 0.088496 0.050971
3 0.528024 0.247573 0.086529 0.048544
3 0.537856 0.217233 0.066863 0.046117
3 0.551622 0.180218 0.066863 0.040049
3 0.559980 0.153519 0.059980 0.047330
