2 0.141366 0.716134 0.229602 0.129376
2 0.351992 0.709285 0.225806 0.136986
2 0.516129 0.708524 0.231499 0.089802
2 0.746679 0.707763 0.267552 0.100457
2 0.902277 0.714612 0.195446 0.120244
2 0.182163 0.268645 0.182163 0.068493
2 0.306452 0.261035 0.157495 0.077626
2 0.448767 0.260274 0.161290 0.054795
2 0.218216 0.333333 0.170778 0.076104
2 0.354839 0.331811 0.174573 0.073059
2 0.528463 0.333333 0.184061 0.070015
3 0.434535 0.411720 0.201139 0.086758
3 0.500949 0.503805 0.246679 0.109589
3 0.585389 0.601218 0.248577 0.100457
3 0.602467 0.283105 0.134725 0.100457
3 0.745731 0.286149 0.178368 0.100457
3 0.863378 0.275495 0.166983 0.079148
