0 0.130307 0.601562 0.084919 0.191406
0 0.260615 0.608398 0.073206 0.193359
0 0.398243 0.610352 0.073206 0.201172
0 0.520498 0.599609 0.054173 0.195312
0 0.647877 0.605469 0.077599 0.195312
0 0.754758 0.608398 0.092240 0.201172
2 0.090044 0.854492 0.062958 0.033203
2 0.060029 0.898438 0.061493 0.039062
2 0.037335 0.960938 0.065886 0.066406
3 0.138360 0.905273 0.051245 0.041016
3 0.202050 0.902344 0.076135 0.042969
3 0.274524 0.903320 0.071742 0.056641
3 0.352123 0.906250 0.074671 0.042969
3 0.428990 0.913086 0.079063 0.052734
3 0.505857 0.910156 0.086384 0.062500
3 0.577599 0.908203 0.074671 0.046875
3 0.641288 0.906250 0.064422 0.054688
3 0.707174 0.905273 0.079063 0.052734
3 0.781845 0.909180 0.067350 0.056641
3 0.852123 0.916016 0.076135 0.039062
3 0.934846 0.917969 0.071742 0.054688
