0 0.167816 0.523297 0.091954 0.200717
0 0.259770 0.520609 0.071264 0.213262
0 0.352299 0.536738 0.074713 0.188172
0 0.458046 0.539427 0.054023 0.218638
0 0.572414 0.556452 0.062069 0.224014
0 0.750000 0.564516 0.058621 0.225806
3 0.320115 0.956093 0.083908 0.080645
3 0.331034 0.929211 0.078161 0.080645
3 0.350575 0.898746 0.075862 0.080645
3 0.357471 0.865591 0.078161 0.082437
3 0.377586 0.838710 0.070115 0.071685
3 0.389655 0.809140 0.062069 0.069892
3 0.402299 0.775090 0.064368 0.062724
3 0.417816 0.744624 0.065517 0.066308
