0 0.07093425605536333 0.6321138211382114 0.07612456747404844 0.25609756097560976
0 0.17560553633217993 0.6361788617886179 0.08650519031141868 0.3008130081300813
0 0.2577854671280277 0.6361788617886179 0.05536332179930796 0.2967479674796748
0 0.3399653979238754 0.6321138211382114 0.05363321799307959 0.2845528455284553
0 0.416522491349481 0.6310975609756098 0.06487889273356401 0.28252032520325204
0 0.5064878892733564 0.6321138211382114 0.045847750865051905 0.3048780487804878
0 0.5938581314878892 0.6392276422764228 0.05103806228373702 0.29878048780487804
0 0.6794982698961938 0.6585365853658537 0.05103806228373702 0.2845528455284553
0 0.7660034602076125 0.6554878048780488 0.07352941176470588 0.2784552845528455
0 0.8546712802768166 0.6361788617886179 0.06920415224913495 0.2764227642276423
0 0.9515570934256056 0.6534552845528455 0.07093425605536333 0.31097560975609756