0 0.06029619181946404 0.6746166950596252 0.06558533145275035 0.262350936967632
0 0.16184767277856135 0.6652470187393527 0.07263751763046544 0.3049403747870528
0 0.24259520451339917 0.7044293015332198 0.0691114245416079 0.3083475298126065
0 0.3215796897038082 0.6950596252129472 0.06064880112834979 0.262350936967632
0 0.4030324400564175 0.6643952299829642 0.0684062059238364 0.272572402044293
0 0.4876586741889986 0.661839863713799 0.045839210155148094 0.2981260647359455
0 0.5680535966149506 0.6805792163543442 0.05148095909732017 0.33560477001703576
0 0.6512693935119888 0.6788756388415673 0.05853314527503526 0.28449744463373083
0 0.7436530324400564 0.6908006814310051 0.07404795486600846 0.33560477001703576
0 0.8293370944992948 0.7010221465076661 0.08321579689703808 0.2879045996592845
0 0.9287729196050776 0.696763202725724 0.09026798307475317 0.29982964224872233