0 0.179487 0.567909 0.209402 0.121394
0 0.470085 0.578726 0.123932 0.121394
0 0.598291 0.577524 0.102564 0.131010
0 0.733974 0.580529 0.079060 0.137019
0 0.882479 0.584135 0.051282 0.146635
3 0.035256 0.793870 0.053419 0.032452
3 0.087607 0.802885 0.081197 0.028846
3 0.138889 0.810697 0.076923 0.051683
3 0.216880 0.915865 0.185897 0.060096
3 0.146368 0.968750 0.181624 0.057692
2 0.173077 0.847957 0.106838 0.037260
2 0.263889 0.817308 0.113248 0.043269
2 0.305556 0.793269 0.136752 0.050481
2 0.388889 0.801082 0.081197 0.030048
2 0.360043 0.826923 0.100427 0.043269
2 0.305556 0.868389 0.119658 0.054087
