0 0.102649 0.562500 0.123179 0.426887
0 0.219868 0.547170 0.135099 0.382075
0 0.350993 0.534198 0.127152 0.403302
0 0.488742 0.525943 0.129801 0.358491
0 0.626490 0.520047 0.137748 0.389151
0 0.754305 0.504717 0.123179 0.358491
0 0.888742 0.492925 0.129801 0.349057
3 0.606623 0.773585 0.071523 0.042453
3 0.620530 0.818396 0.067550 0.066038
3 0.634437 0.857311 0.079470 0.068396
3 0.650993 0.912736 0.075497 0.056604
3 0.670861 0.958726 0.088742 0.073113
3 0.798675 0.876179 0.058278 0.054245
3 0.868212 0.877358 0.078146 0.047170
3 0.927152 0.863208 0.076821 0.051887
2 0.705960 0.852594 0.076821 0.063679
2 0.727152 0.889151 0.068874 0.047170
2 0.760265 0.943396 0.090066 0.047170
