0 0.153734 0.572266 0.143485 0.257812
0 0.285505 0.574219 0.117130 0.261719
0 0.404832 0.579102 0.109810 0.255859
0 0.524890 0.589844 0.074671 0.261719
0 0.644949 0.605469 0.089312 0.246094
0 0.749634 0.598633 0.108346 0.232422
2 0.090776 0.859375 0.084919 0.035156
2 0.056369 0.900391 0.065886 0.042969
2 0.032211 0.950195 0.055637 0.056641
3 0.131772 0.901367 0.058565 0.060547
3 0.194729 0.901367 0.067350 0.052734
3 0.268668 0.899414 0.083455 0.052734
3 0.349927 0.909180 0.073206 0.060547
3 0.418741 0.913086 0.055637 0.044922
3 0.491947 0.905273 0.070278 0.052734
3 0.570278 0.911133 0.083455 0.052734
3 0.637628 0.914062 0.071742 0.046875
3 0.710102 0.909180 0.087848 0.048828
3 0.779649 0.912109 0.092240 0.058594
3 0.855783 0.907227 0.092240 0.041016
3 0.932650 0.922852 0.081991 0.056641
