0 0.213542 0.641358 0.067361 0.455556
0 0.374653 0.627778 0.081250 0.482716
0 0.528819 0.602469 0.107639 0.432099
0 0.700694 0.590123 0.084722 0.407407
0 0.820833 0.604321 0.113889 0.428395
1 0.729514 0.559259 0.077083 0.619753
1 0.606944 0.554321 0.090278 0.535802
1 0.442708 0.456790 0.052083 0.195062
1 0.282986 0.573457 0.090972 0.613580
2 0.635764 0.909877 0.088194 0.051852
2 0.704514 0.908642 0.075694 0.049383
2 0.754514 0.899383 0.067361 0.062963
2 0.654514 0.956173 0.082639 0.062963
2 0.718750 0.932716 0.081944 0.058025
2 0.779514 0.920988 0.077083 0.066667
