1 0.636806 0.583333 0.069444 0.628395
1 0.452778 0.573457 0.063889 0.620988
1 0.336806 0.454938 0.048611 0.302469
1 0.307986 0.432716 0.040972 0.216049
1 0.546181 0.432099 0.061806 0.237037
0 0.699653 0.625926 0.090972 0.404938
0 0.817014 0.595679 0.125694 0.445679
0 0.541319 0.610494 0.097917 0.435802
0 0.382292 0.607407 0.096528 0.422222
0 0.217361 0.638272 0.079167 0.491358
2 0.633681 0.924074 0.063194 0.028395
2 0.709375 0.927160 0.089583 0.041975
2 0.750694 0.915432 0.056944 0.035802
2 0.646875 0.962346 0.072917 0.045679
2 0.719792 0.954938 0.085417 0.045679
2 0.777778 0.954938 0.083333 0.070370
