1 0.454514 0.567901 0.078472 0.370370
1 0.565278 0.574691 0.065278 0.364198
0 0.634722 0.620988 0.054167 0.325926
0 0.520139 0.624691 0.059722 0.333333
0 0.393750 0.622840 0.069444 0.349383
0 0.270486 0.627778 0.092361 0.304938
0 0.164236 0.627778 0.100694 0.339506
2 0.426389 0.841358 0.047222 0.053086
2 0.475000 0.840741 0.050000 0.056790
2 0.523958 0.835802 0.057639 0.049383
3 0.475694 0.877778 0.048611 0.024691
3 0.478125 0.899383 0.054861 0.035802
2 0.480556 0.927778 0.050000 0.035802
2 0.537500 0.937654 0.061111 0.030864
2 0.484722 0.976543 0.068056 0.044444
2 0.552431 0.966667 0.067361 0.037037
