1 0.246181 0.429012 0.025694 0.146914
1 0.260764 0.434568 0.042361 0.219753
1 0.309028 0.435802 0.034722 0.195062
1 0.414931 0.514815 0.085417 0.449383
0 0.512500 0.627778 0.098611 0.455556
0 0.646528 0.610494 0.134722 0.408642
0 0.772917 0.607407 0.133333 0.372840
0 0.184375 0.622840 0.082639 0.453086
1 0.517361 0.420370 0.065278 0.218519
2 0.605208 0.916049 0.072917 0.059259
2 0.661806 0.924074 0.062500 0.058025
2 0.724306 0.917901 0.075000 0.043210
2 0.611111 0.962346 0.066667 0.048148
2 0.680208 0.951852 0.071528 0.049383
2 0.748611 0.945679 0.070833 0.041975
